0,21,70,28,187
1,84,23,51,110
2,3,39,50,71
3,11584,51,6,62
4,13,53,14,74
5,3,29,7,72
6,6,67,76,129
7,3802,44,61,183
8,5,96,90,154
9,16,45,27,104
10,21,66,67,130
11,2,59,49,176
12,84,80,94,164
13,14,100,46,200
14,24,91,18,84
15,15,98,97,50
16,3,74,79,142
17,1600,37,56,104
18,528,67,48,180
19,16,89,23,197
20,4,63,99,153
21,90144,42,35,127
22,688,62,100,143
23,140,68,6,178
24,3,43,87,167
25,2976,97,28,77
26,17,33,85,65
27,240,37,88,55
28,19,69,27,64
29,170,40,17,138
30,424,52,78,62
31,23104,21,96,58
32,164,23,20,71
33,5,28,64,86
34,16,57,35,130
35,2128,56,86,192
36,184,87,61,95
37,14,50,96,92
38,15,44,60,113
39,3,81,7,101
40,2560,96,12,158
41,742,79,7,194
42,25,84,67,120
43,14,34,90,79
44,20,36,53,93
45,4,27,9,147
46,18,24,10,178
47,3,35,28,125
48,15680,30,89,195
49,2,82,20,174
50,6250,92,77,169
51,19,27,5,120
52,1184,57,100,148
53,29,46,31,161
54,20,26,19,196
55,8,22,42,133
56,68,84,58,188
57,480,41,40,138
58,862,82,16,90
59,652,28,23,145
60,5,93,64,177
61,2,41,94,121
62,3,67,93,143
63,672,80,61,174
64,16,41,36,54
65,4,55,11,90
66,20,32,59,51
67,2,95,33,90
68,15,40,84,94
69,15,99,94,156
70,17,27,96,73
71,2,63,82,50
72,6096,67,5,192
73,22,34,85,122
74,2048,34,21,131
75,16,95,94,69
76,4,63,9,75
77,17,45,42,61
78,2592,99,83,76
79,256,91,40,197
80,15,43,74,71
81,2,71,26,109
82,2,20,44,118
83,20,34,57,174
84,2,60,93,114
85,3,32,59,128
86,6,23,46,147
87,15,81,78,150
88,6,22,78,53
89,20,50,78,168
90,3,36,51,57
91,30,53,29,126
92,15,91,66,176
93,2,24,10,148
94,34,69,96,55
95,192,28,83,200
96,2,90,27,112
97,392,88,6,181
98,15,97,77,184
99,21,88,10,163
100,896,79,59,166
101,238,38,100,186
102,20,64,11,185
103,11040,57,19,97
104,5,41,57,146
105,1840,36,76,142
106,24,34,72,60
107,21,57,18,170
108,14,41,99,186
109,4,77,24,133
110,224,66,21,137
111,185,38,60,107
112,3,60,22,105
113,15,97,100,178
114,15584,55,91,100
115,27,58,60,139
116,17,88,97,59
117,17956,99,32,101
118,13,96,57,195
119,712,24,92,167
120,3,32,33,108
121,304,65,48,157
122,302208,64,50,101
123,337536,64,27,187
124,14,74,40,151
125,6,72,6,96
126,4648,57,80,180
127,10,68,57,138
128,452,26,37,70
129,5152,88,8,93
130,17,69,76,166
131,3,47,62,153
132,2,91,43,133
133,77472,68,73,161
134,19,77,44,115
135,4,79,78,191
136,16,37,16,55
137,7,68,96,150
138,17,65,7,153
139,16,78,79,113
140,10,53,42,105
141,37,55,75,133
142,476,61,99,87
143,2,87,96,167
144,3,27,7,107
145,3,100,21,134
146,18,85,88,148
147,4,85,83,60
148,15,48,41,159
149,8,89,97,50
150,3,91,71,101
151,864,58,97,135
152,2944,39,24,75
153,440,35,29,132
154,1836,29,61,116
155,104864,63,26,183
156,23,91,18,103
157,15,43,57,66
158,29,25,43,61
159,4,24,70,131
160,17,79,97,182
161,20,77,34,175
162,3,77,19,66
163,14,77,47,68
164,21,36,41,177
165,2400,92,23,189
166,140384,82,78,113
167,3488,57,100,94
168,396,32,35,120
169,3,80,32,140
170,2336,30,42,182
171,5184,95,60,51
172,6,41,87,173
173,287,96,99,152
174,232,58,42,113
175,17,21,59,114
176,14,88,76,184
177,26,38,21,130
178,272,95,98,84
179,916,44,19,85
180,3,99,43,163
181,16,23,57,119
182,31,28,34,121
183,46,61,73,104
184,3,22,47,64
185,14,77,35,184
186,112,36,100,86
187,5,98,6,160
188,13,92,94,76
189,264,44,56,62
190,4,57,53,186
191,184,26,22,99
192,16,38,31,162
193,704,41,22,144
194,21,100,72,83
195,13,91,50,153
196,30,37,21,156
197,2,49,30,80
198,14,41,51,80
199,16,58,43,174
