0,14,82,48,50
1,21,38,93,115
2,4,80,95,107
3,17,55,14,124
4,15,31,76,96
5,35,29,78,189
6,14,64,60,163
7,21,56,45,66
8,184,75,30,198
9,15,22,55,159
10,56192,95,22,106
11,45824,62,10,83
12,15,29,46,75
13,18,96,69,73
14,19,22,16,189
15,3,88,94,158
16,2048,72,94,84
17,17,87,74,104
18,21,94,82,97
19,7,57,29,118
20,1024,79,97,79
21,17120,52,26,59
22,15,98,36,162
23,2,81,20,125
24,2,82,42,168
25,4,80,69,145
26,76800,73,69,200
27,464,31,93,70
28,110,57,65,130
29,25,52,46,185
30,24,68,94,92
31,21,95,20,186
32,24,21,45,175
33,618,22,40,91
34,139808,61,24,97
35,15,38,24,163
36,15,45,25,188
37,272,69,90,70
38,15,39,64,97
39,35,91,27,145
40,228,74,43,86
41,10880,82,29,171
42,2240,91,62,117
43,984,22,14,99
44,1428,34,80,84
45,296,67,68,194
46,18,100,93,156
47,8,43,20,124
48,15,72,55,137
49,20,36,89,136
50,15,98,15,199
51,16800,58,76,187
52,23,74,41,77
53,3,77,51,130
54,1346,38,74,163
55,3,55,45,192
56,5,88,68,121
57,17,77,58,138
58,156,82,21,80
59,21,84,99,124
60,8288,80,16,184
61,896,67,14,103
62,18,64,52,142
63,22,100,81,141
64,25,53,46,92
65,20,20,87,143
66,48,40,57,142
67,3,76,92,121
68,4,86,5,166
69,21,20,67,189
70,21,86,98,140
71,80128,45,14,163
72,576,72,30,121
73,5,85,58,169
74,19,78,58,145
75,15,70,33,182
76,387,84,59,163
77,4,45,71,65
78,21,70,93,140
79,4292,73,57,174
80,16,55,67,56
81,104,78,68,178
82,14,47,48,197
83,23,86,23,67
84,14,50,30,153
85,4,68,54,194
86,216,83,73,115
87,11,68,53,77
88,3,43,26,85
89,27,47,82,162
90,295,56,77,110
91,34,50,32,110
92,14,22,98,190
93,6912,64,13,194
94,14,60,29,114
95,8,88,83,121
96,7,24,68,140
97,21,23,33,161
98,21,95,5,171
99,24,85,84,86
100,4,45,26,197
101,14,39,95,145
102,22,41,82,178
103,5,55,18,196
104,24,20,13,117
105,9,59,89,163
106,16,50,31,74
107,3,67,58,184
108,4,30,54,139
109,27,62,53,78
110,8,84,67,155
111,21,41,70,133
112,14,53,90,155
113,19,73,9,92
114,166,88,86,55
115,21,74,43,116
116,1856,71,98,123
117,28,83,17,52
118,94848,41,8,104
119,20,78,10,119
120,14,60,8,61
121,5920,94,7,102
122,5,46,99,200
123,3,26,52,109
124,16,26,35,127
125,608,61,12,147
126,15,40,11,119
127,5600,28,32,156
128,2,24,98,181
129,14,66,100,132
130,18,64,9,118
131,3,99,10,54
132,20,96,61,74
133,1360,99,75,126
134,7,27,31,183
135,21,65,74,106
136,15,68,8,111
137,13,83,69,135
138,14,33,44,198
139,292,54,92,85
140,160,64,17,103
141,2,71,44,168
142,13,32,33,173
143,35,59,53,193
144,2,43,54,155
145,188,89,29,85
146,4,48,60,181
147,196,69,91,172
148,5,30,45,85
149,3,70,56,119
150,23,31,21,171
151,2,33,89,178
152,14,54,100,68
153,80912,60,54,166
154,28,50,82,54
155,14,98,70,198
156,16,80,10,159
157,88,68,89,54
158,232,40,6,178
159,4,46,54,83
160,13632,35,23,167
161,23,49,93,120
162,278,52,76,124
163,17,93,18,134
164,18,28,88,164
165,19,77,23,127
166,7,40,77,175
167,1224064,86,10,160
168,546,33,19,169
169,3,52,12,57
170,3,23,68,141
171,17,24,56,85
172,3,22,30,79
173,14,38,88,181
174,3,33,61,177
175,296,77,87,137
176,3,70,45,165
177,21,62,64,167
178,20,90,18,116
179,15,60,33,89
180,3,94,10,100
181,19,36,83,154
182,2,56,70,138
183,112,82,52,90
184,42,65,92,132
185,2,21,96,153
186,14,51,86,118
187,20,69,30,145
188,2,83,80,197
189,45120,46,78,183
190,8,35,15,168
191,180,100,79,143
192,24,69,72,168
193,3,23,71,116
194,18,47,60,106
195,2,42,56,53
196,532,53,75,88
197,3,38,44,54
198,15,66,18,147
199,13,23,100,97
200,20,85,72,64
201,3,65,20,158
202,24,61,54,75
203,15,71,35,150
204,25,39,25,85
205,28,58,41,132
206,20,46,54,78
207,18,78,8,117
208,17,52,35,141
209,14,37,33,50
210,1224,57,12,98
211,3,70,10,178
212,3,53,26,111
213,3,24,73,160
214,512,99,56,138
215,96,88,8,191
216,20,59,67,162
217,24,98,41,138
218,21,84,36,153
219,28,54,6,145
220,984,89,73,114
221,3,25,47,65
222,3616,52,72,174
223,4,65,39,187
224,7264,60,50,51
225,14144,44,29,133
226,58,24,62,81
227,612,66,29,187
228,9,67,24,109
229,3,45,85,94
230,17,90,40,63
231,17,34,74,83
232,20,60,63,95
233,6464,52,99,62
234,669504,40,97,184
235,21,77,69,177
236,656,86,29,123
237,113728,28,98,146
238,18,62,87,114
239,5,50,24,116
240,247936,61,99,113
241,5328,28,45,154
242,2,55,44,50
243,1288,64,63,103
244,4992,94,88,139
245,18,69,16,191
246,18,34,91,117
247,19,33,47,149
248,5,69,25,146
249,336,68,87,135
250,16,71,54,150
251,20,24,24,181
252,1704,42,55,138
253,19,25,77,180
254,2128,79,84,128
255,14,63,94,52
256,2,47,10,79
257,20,59,86,183
258,50944,82,10,123
259,5,83,25,85
260,44200,75,42,54
261,16,42,58,123
262,456,45,13,125
263,16,83,48,78
264,336,88,85,183
265,944,91,78,133
266,3584,38,23,141
267,516,42,13,119
268,295,99,95,136
269,296,73,42,58
270,3479,88,16,168
271,2,51,94,105
272,18,92,9,100
273,100,84,99,86
274,35,27,36,144
275,4,85,54,110
276,212,91,61,79
277,15,40,86,99
278,352,83,48,121
279,3,50,71,90
280,110,62,44,164
281,8,63,81,118
282,15,95,38,181
283,16,45,47,89
284,3,54,67,124
285,31,44,49,173
286,19,66,60,199
287,2,42,83,93
288,28,44,31,66
289,820,48,54,99
290,17,75,89,112
291,200,46,66,179
292,15,56,65,194
293,3312,31,17,157
294,3,23,49,55
295,42,35,6,155
296,3,69,7,50
297,16,40,23,100
298,2432,39,76,59
299,2,45,78,94
300,19,25,5,128
301,17,93,54,187
302,65,88,64,166
303,3,25,97,96
304,72,20,50,184
305,13,38,98,51
306,228,82,9,180
307,22,43,62,84
308,5224,49,77,120
309,5,21,73,112
310,16,85,44,125
311,17,37,67,81
312,14,85,32,107
313,5538,88,47,101
314,14,53,84,128
315,64,62,40,120
316,15,75,24,74
317,8960,99,44,177
318,17948,60,56,118
319,20,68,83,185
320,880,29,42,113
321,17,70,56,199
322,3,84,17,125
323,824,63,96,114
324,3,27,6,52
325,3,51,26,74
326,2336,30,23,167
327,4,97,71,196
328,8800,70,88,191
329,14,35,40,55
330,20,62,55,162
331,13456,95,14,111
332,14,95,27,188
333,1952,85,69,92
334,3,36,47,147
335,19,39,6,150
336,16,72,61,67
337,13,72,23,60
338,29,80,82,78
339,684,72,92,197
340,17,23,94,82
341,1408,88,94,68
342,7328,80,83,111
343,7648,64,27,71
344,552,76,26,93
345,17,34,17,73
346,6976,95,9,100
347,3,27,57,191
348,20,55,47,171
349,4154,22,36,141
350,20,52,51,194
351,2516,34,57,114
352,20,86,96,117
353,85280,90,90,95
354,16000,76,82,75
355,1180,44,41,147
356,456,65,86,178
357,152,47,46,122
358,63,86,39,98
359,16,50,70,132
360,18,74,27,183
361,552,20,65,158
362,496,73,26,64
363,204,23,42,87
364,3,56,26,120
365,16,84,63,193
366,21,55,26,57
367,4,32,98,83
368,15,94,48,161
369,1568,85,38,174
370,10,88,52,197
371,21,86,98,120
372,2048,81,100,74
373,6,46,46,50
374,692,92,59,161
375,21,85,41,134
376,28,82,99,131
377,15,76,16,192
378,7130,24,41,188
379,124,52,69,133
380,17,87,79,86
381,21,86,33,103
382,91200,78,46,105
383,16,23,88,96
384,293,65,78,148
385,376,76,82,196
386,15,72,11,72
387,15,47,90,94
388,172,87,35,198
389,23,53,7,153
390,15,60,5,121
391,119040,74,91,176
392,4,63,64,123
393,17,43,43,76
394,46784,94,10,64
395,28,84,64,124
396,3,65,99,61
397,5976,67,97,181
398,20,85,86,80
399,22,100,94,101
