0,40,57,24,57
1,2784,27,66,58
2,3,93,55,154
3,2,93,81,149
4,2120,44,59,185
5,14,52,77,166
6,291,91,81,104
7,5,60,61,98
8,25,51,6,180
9,21,65,67,123
10,3,45,59,88
11,1376,25,22,143
12,15,41,100,107
13,2032,81,89,199
14,21,21,17,75
15,2,82,65,106
16,14,73,80,158
17,19,67,81,153
18,17,22,68,113
19,3,27,80,141
20,6,20,49,148
21,2,57,92,85
22,6880,89,88,200
23,30,72,93,188
24,444544,100,23,81
25,5,92,38,168
26,8,64,23,125
27,1992,76,23,172
28,103616,93,86,98
29,6,72,48,147
30,50240,39,82,148
31,16,76,85,173
32,22,65,78,99
33,3,52,47,84
34,3,21,47,171
35,291,54,62,89
36,72960,42,77,174
37,3,44,36,79
38,1364,37,72,70
39,432,52,98,85
40,7616,90,43,164
41,17,64,57,119
42,15,73,85,137
43,19408,48,40,154
44,21,40,82,182
45,2,50,55,139
46,5,68,72,127
47,7496,85,28,146
48,2,76,72,135
49,21,23,64,98
50,10,69,36,79
51,21,20,90,197
52,2,64,43,174
53,21,63,62,86
54,616,74,68,145
55,78304,50,55,107
56,21,88,68,138
57,2640,80,73,143
58,15,40,8,138
59,21,90,93,71
60,15,20,65,69
61,4,29,22,110
62,20,32,48,109
63,5840,84,7,99
64,8,64,73,52
65,2,87,56,72
66,13,39,25,83
67,192,22,45,174
68,18,69,40,183
69,21,100,24,197
70,3,59,29,135
71,336,55,46,96
72,16,63,14,135
73,3,100,76,80
74,3,94,39,91
75,32,96,94,106
76,152,67,36,173
77,8,40,44,112
78,20,63,98,152
79,20,93,84,127
80,3,54,75,149
81,21,31,93,175
82,90240,98,46,187
83,3,78,83,144
84,2,71,98,174
85,5504,20,31,156
86,2,27,54,194
87,168,59,28,125
88,192,64,39,181
89,21,79,43,50
90,61,29,37,133
91,3,80,73,182
92,28,32,45,92
93,14,20,44,73
94,4,45,74,123
95,18,82,25,102
96,4,90,88,127
97,3,46,46,143
98,10,74,36,150
99,7496,40,93,106
100,3,87,72,96
101,19,61,63,158
102,23,23,10,60
103,736,49,8,69
104,4,52,49,136
105,268,41,86,181
106,18,24,68,102
107,3,100,61,118
108,21,60,88,56
109,3,79,62,132
110,21,35,66,186
111,20,42,26,57
112,10,43,39,192
113,21,36,88,52
114,4,25,7,197
115,3,26,26,186
116,21,36,26,124
117,2256,98,51,167
118,15,80,74,86
119,48,55,52,113
120,3,94,92,199
121,14,48,96,84
122,9,84,80,59
123,103564,28,74,145
124,14,79,70,80
125,4240,44,15,54
126,528,62,67,91
127,1696,43,54,120
128,912,32,13,140
129,1187,45,81,158
130,8928,58,8,80
131,1492,80,92,169
132,562,85,81,127
133,17,86,77,132
134,13264,59,13,94
135,28,47,20,151
136,588544,64,49,129
137,832,45,37,189
138,16,24,21,148
139,13,87,38,188
140,116,53,9,104
141,15,81,33,183
142,6,96,5,79
143,3,61,30,67
144,41,90,67,56
145,17,27,90,100
146,20,50,68,61
147,384,32,19,72
148,62,31,52,86
149,2768,34,100,142
150,28,61,52,72
151,18,99,24,149
152,5632,76,74,76
153,13,100,11,130
154,76320,28,94,114
155,2,59,56,70
156,1088,60,94,188
157,54776,84,49,179
158,2,87,37,197
159,7406,35,74,150
160,2,38,53,153
161,14,34,73,171
162,23,43,45,191
163,3,32,89,150
164,29,22,19,98
165,15,58,92,89
166,196,32,6,173
167,22,79,33,91
168,336,46,54,72
169,112160,21,13,200
170,16,20,26,110
171,17,67,93,121
172,810,51,90,63
173,472,58,16,83
174,17,57,81,148
175,19,37,69,89
176,14,58,19,186
177,14624,92,35,151
178,19,20,16,137
179,7,32,73,137
180,1468,67,56,161
181,1790,29,61,182
182,440,40,26,142
183,18,71,77,101
184,21,52,25,60
185,20,89,17,177
186,3,74,82,103
187,22,79,38,108
188,30,47,35,52
189,18,79,61,72
190,5,73,94,81
191,3,76,13,189
192,13,83,19,198
193,50,90,41,144
194,20,36,28,50
195,21,89,55,155
196,1408,44,28,71
197,28,34,81,130
198,3,33,83,190
199,6,90,28,100
200,251,31,82,70
201,600,57,12,176
202,17,46,46,61
203,17,84,21,116
204,15,74,74,132
205,15,89,67,107
206,15,79,44,165
207,17,91,30,113
208,14,58,32,81
209,238,44,55,182
210,4,32,21,105
211,14,45,80,186
212,51,61,75,70
213,6,44,82,126
214,128,29,27,96
215,15,42,27,54
216,2,90,33,191
217,768,87,48,111
218,23,73,80,191
219,1968,88,88,91
220,16,75,47,119
221,3504,78,44,183
222,768,38,97,94
223,472,47,95,102
224,160,71,26,162
225,1608,83,26,173
226,1552,97,74,164
227,21,71,99,79
228,15,30,32,195
229,3,61,42,171
230,3,87,74,148
231,3,60,35,104
232,3,89,97,171
233,22,68,100,190
234,7,77,39,195
235,19,67,52,171
236,17,24,84,118
237,24,47,43,121
238,12,91,89,93
239,108,93,26,165
240,3,70,79,128
241,1208,66,32,121
242,2,26,87,176
243,2,82,24,77
244,15,56,47,120
245,32256,86,7,91
246,116,51,64,138
247,28,63,75,142
248,13,95,5,72
249,1,52,12,134
250,3,26,69,91
251,220736,78,65,123
252,26,64,55,50
253,17,46,63,176
254,240,77,84,104
255,4912,99,64,184
256,3,42,10,50
257,288,78,9,61
258,20704,37,33,103
259,3,55,70,189
260,20,84,36,117
261,3,38,82,79
262,1632,82,76,69
263,17,68,74,175
264,113,91,62,80
265,14,30,80,69
266,20,69,71,64
267,21,70,88,166
268,4,83,58,83
269,8,99,45,89
270,18,41,72,116
271,78240,55,86,185
272,15,97,12,173
273,2,92,84,110
274,4,39,19,56
275,3,82,64,59
276,22,39,19,146
277,19,89,12,96
278,406,98,16,71
279,16,77,85,200
280,41,26,75,78
281,16,74,50,146
282,2,63,88,51
283,295,98,51,154
284,1008,94,69,83
285,16,49,14,157
286,18,93,6,76
287,17,43,39,93
288,2,67,52,194
289,14,46,92,151
290,3,27,40,148
291,51,98,59,105
292,21,97,90,150
293,14,79,27,64
294,28,33,45,58
295,19,55,47,196
296,16,20,71,68
297,20,39,9,142
298,19,47,92,120
299,3,42,19,168
300,3696,28,36,102
301,323,51,82,73
302,4004,53,19,57
303,11,21,81,150
304,2,56,32,73
305,16,98,60,139
306,20,66,76,121
307,23,91,41,119
308,7,92,36,182
309,12288,96,42,94
310,17,49,60,112
311,4,58,82,189
312,21,56,73,84
313,228,95,99,62
314,10160,60,97,135
315,1599,58,25,56
316,6,68,28,176
317,3,67,63,109
318,21,75,77,199
319,6752,64,70,90
320,56,50,55,110
321,6,24,90,72
322,36,92,7,122
323,25,65,42,164
324,15264,83,72,137
325,16,96,77,173
326,21,95,7,76
327,84704,95,100,62
328,2,38,94,108
329,11008,48,33,72
330,32608,37,96,126
331,3424,80,73,135
332,14,95,87,67
333,3,39,74,131
334,2,62,60,84
335,27,34,80,122
336,25408,89,48,116
337,4,62,54,83
338,14,93,80,76
339,27,51,39,59
340,15,50,92,78
341,9,94,97,57
342,21,43,54,123
343,15,78,30,195
344,17,35,62,74
345,176,47,11,60
346,15,73,94,103
347,5920,96,24,161
348,294,44,45,96
349,14,97,74,135
350,24,51,52,195
351,15,39,49,77
352,112,99,90,69
353,500,80,13,72
354,105,51,57,176
355,1392,85,65,116
356,31,68,75,70
357,4160,53,39,161
358,14,78,21,143
359,5,27,60,54
360,11648,94,48,177
361,494,82,38,111
362,21,54,67,159
363,7,93,8,122
364,1064,35,23,168
365,16,99,25,59
366,19,71,75,53
367,3,56,62,93
368,15,60,67,107
369,160960,83,86,150
370,111,49,18,116
371,2120,24,57,137
372,24,94,58,139
373,3,66,59,129
374,15,59,52,181
375,33,39,94,120
376,14,90,81,119
377,4,58,10,133
378,4,79,56,111
379,2304,69,46,153
380,21,56,91,169
381,386,45,59,141
382,40,30,54,62
383,35,57,79,176
384,2,87,80,159
385,3,75,82,106
386,17,33,50,54
387,816,70,64,65
388,3,39,72,141
389,3,69,9,116
390,14,69,95,185
391,1568,98,83,181
392,13,47,43,167
393,2032,91,80,169
394,84,94,26,64
395,64,39,78,148
396,291,72,59,135
397,17,90,6,123
398,3,80,5,135
399,3,71,82,147
400,17,72,38,90
401,3,61,91,91
402,4256,95,19,149
403,21,23,8,106
404,14,43,70,56
405,172,60,66,119
406,21,26,89,109
407,140,23,36,190
408,16,52,58,139
409,16,55,90,103
410,3,85,23,105
411,3,36,54,198
412,4,63,74,158
413,21,71,15,191
414,4192,28,89,189
415,996,44,94,58
416,14,84,10,86
417,6976,42,65,89
418,14,50,99,58
419,444,95,35,157
420,3,34,50,149
421,1255936,94,75,166
422,16,38,83,166
423,17,100,78,104
424,18,63,60,53
425,2304,70,17,116
426,3,22,54,177
427,4,53,51,103
428,631,43,61,125
429,1026,90,20,89
430,2,89,43,155
431,3,28,78,126
432,6144,28,26,73
433,13,74,6,113
434,144,83,39,76
435,28,93,16,195
436,46,63,56,191
437,21,52,45,65
438,23936,32,17,133
439,370,28,76,168
440,1376,90,66,144
441,20,89,100,171
442,4,75,86,163
443,38,30,7,62
444,2,55,81,64
445,95872,56,83,112
446,102,21,95,63
447,15,35,27,90
448,175168,67,13,114
449,752,23,88,191
450,320,51,98,97
451,1782,22,70,125
452,2,53,96,151
453,3,55,63,109
454,7,29,18,181
455,16,76,52,89
456,16,28,54,100
457,3,31,18,98
458,13,22,75,168
459,17,89,55,77
460,3,80,91,171
461,3,45,63,70
462,7168,22,48,68
463,17,88,90,193
464,4564,63,94,68
465,14,34,8,71
466,20,60,35,145
467,6976,73,54,197
468,49,68,59,125
469,295,23,99,51
470,49,27,59,150
471,31,53,42,121
472,18,76,84,98
473,3,63,18,144
474,188,44,89,52
475,3,51,91,66
476,121472,89,11,56
477,3504,58,65,54
478,308,57,30,99
479,20,56,91,50
480,62,41,57,106
481,3,58,9,77
482,200,95,98,134
483,7328,92,25,97
484,3,43,25,76
485,25152,61,62,73
486,3,89,32,153
487,18,64,65,65
488,1352,66,77,140
489,17,88,44,163
490,3,73,78,121
491,21,57,81,188
492,18,94,96,177
493,15,23,31,119
494,568,80,14,153
495,8384,73,53,138
496,3,61,72,136
497,5792,28,97,130
498,2,38,94,74
499,14,100,51,123
