0,4,43,94,167
1,1488,51,100,134
2,4,70,80,69
3,53,71,36,155
4,3,55,77,89
5,23,31,80,81
6,19008,69,33,169
7,16,84,32,66
8,20,92,73,102
9,3616,67,57,167
10,289,90,30,167
11,17,51,71,71
12,2,88,99,110
13,16928,20,52,151
14,20032,98,19,54
15,4,57,51,97
16,17,28,13,159
17,6048,87,50,109
18,15,82,46,95
19,21,74,19,99
20,8896,75,36,127
21,18,100,31,95
22,382592,64,88,184
23,21,46,54,108
24,800,29,60,112
25,4,70,7,151
26,17,50,42,109
27,15,54,32,166
28,5824,96,93,138
29,2624,41,23,65
30,4,59,62,158
31,21,95,77,141
32,17,28,97,172
33,77088,66,25,93
34,3,71,75,125
35,16,26,55,92
36,170,52,34,110
37,106624,38,100,63
38,128,28,65,50
39,15,83,75,157
40,18,51,53,178
41,3,39,54,143
42,206,67,95,74
43,924,76,84,178
44,11936,84,66,83
45,14,94,50,111
46,5600,29,95,85
47,3,62,49,190
48,34,20,41,75
49,13,33,50,61
50,928,52,60,171
51,6784,59,90,92
52,14,25,80,99
53,15,52,76,143
54,14,71,45,84
55,16,30,63,146
56,1648,30,38,108
57,64,51,29,139
58,1088,22,21,159
59,59568,43,87,50
60,16,94,94,156
61,3,69,19,86
62,21,95,12,130
63,20,93,63,92
64,13952,70,15,89
65,1392,40,99,59
66,3,58,91,97
67,21,31,7,200
68,15,42,69,151
69,12,89,27,77
70,15,55,91,125
71,14,76,30,60
72,2,62,58,60
73,3,29,25,84
74,15,28,85,196
75,97024,45,67,53
76,3,25,27,164
77,576,87,23,96
78,4800,47,35,198
79,528,70,11,179
80,122432,82,29,67
81,7,49,33,174
82,2,27,10,167
83,19,40,100,81
84,21,89,28,110
85,5440,85,34,111
86,7,34,100,172
87,14,25,18,125
88,2816,48,9,134
89,21,91,45,103
90,126,99,46,177
91,3,24,27,197
92,21,53,56,117
93,32,47,20,50
94,16,78,37,57
95,28,84,72,119
96,17,62,78,105
97,272,54,11,56
98,16,94,43,133
99,120,94,72,121
100,16,55,88,111
101,21,72,50,144
102,64,26,53,195
103,48132,49,67,62
104,964928,41,52,162
105,2,55,13,117
106,14656,59,97,147
107,17,67,46,50
108,108,61,51,182
109,3,71,91,96
110,348,34,55,127
111,3,44,75,94
112,19648,21,52,176
113,19,27,11,186
114,15,78,68,191
115,25,95,39,164
116,14,44,44,179
117,3,54,94,140
118,21,77,99,97
119,920,67,93,181
120,14,56,67,191
121,5,91,75,189
122,28,91,94,142
123,596,99,64,71
124,21,71,59,153
125,36,77,49,179
126,2,29,14,77
127,21,67,62,175
128,9,78,31,183
129,17,42,62,138
130,2944,89,71,156
131,3956,73,82,130
132,5,70,70,138
133,119104,77,93,151
134,3,64,18,193
135,18080,70,60,193
136,2,44,60,141
137,9,47,93,92
138,14,69,92,115
139,21,47,77,178
140,23,70,75,192
141,159296,80,7,107
142,17,93,67,87
143,1712,56,49,166
144,15,85,43,133
145,3,50,66,149
146,560,85,99,179
147,11248,27,47,124
148,29568,95,71,183
149,17,77,82,81
150,14496,100,54,53
151,14,26,58,148
152,84,56,19,190
153,24,80,69,158
154,20,39,51,191
155,20,46,76,113
156,13,45,44,159
157,5,34,91,80
158,4,67,66,112
159,21,61,57,63
160,116,74,59,65
161,10,33,66,192
162,20,52,12,121
163,33,76,11,81
164,232,29,7,179
165,25,64,96,121
166,736,26,60,79
167,1568,95,52,87
168,23,30,5,144
169,3,29,63,191
170,296,22,24,72
171,20,32,11,152
172,20,20,85,93
173,14,37,74,194
174,2528,61,67,192
175,2,33,98,200
176,308,97,41,94
177,16,37,47,160
178,19,81,73,171
179,4,25,66,55
180,6720,77,100,136
181,2,82,7,133
182,21,73,10,118
183,27,48,18,66
184,752,59,93,163
185,10,93,84,112
186,2768,26,14,82
187,32,35,71,176
188,15,31,58,91
189,7552,28,60,193
190,14,41,96,56
191,1288,33,31,131
192,20,62,40,117
193,1,77,31,175
194,22976,89,100,160
195,15,77,97,155
196,84,41,39,90
197,21,94,67,101
198,4680,22,27,143
199,2,29,37,162
200,17,48,52,163
201,6,35,99,167
202,3,28,69,172
203,21,90,26,146
204,17,59,35,151
205,4,44,63,142
206,17,54,41,68
207,12,38,94,110
208,21,76,51,76
209,124,86,97,173
210,2,59,96,80
211,1384,47,73,157
212,22528,46,77,174
213,182080,43,85,146
214,319,72,40,117
215,3,93,87,177
216,84,37,71,172
217,2,82,89,51
218,14,61,67,187
219,7,65,33,178
220,25,85,79,58
221,14,42,89,176
222,3,61,67,75
223,6240,70,22,97
224,466,61,41,119
225,3,82,92,172
226,20,38,89,126
227,16,49,17,71
228,6,38,74,155
229,13,89,60,194
230,1696,75,20,181
231,2,100,17,89
232,15,28,48,145
233,1,89,12,121
234,12,78,90,86
235,24,83,12,150
236,3904,74,66,80
237,18,99,27,83
238,17,73,28,70
239,3,62,20,158
240,21,89,7,131
241,15,91,20,81
242,5,44,7,142
243,943,38,84,89
244,4,48,93,120
245,2,47,91,162
246,18,92,85,58
247,1504,28,40,105
248,80,89,30,140
249,30,24,8,198
250,3,90,80,200
251,295,78,42,95
252,252,39,33,197
253,27096,55,36,53
254,2304,24,67,137
255,20,96,49,67
256,16,97,93,123
257,19,78,87,97
258,50,68,37,76
259,3,47,92,87
260,293,80,54,175
261,13472,25,79,122
262,23,43,29,194
263,156416,97,82,166
264,7,84,13,84
265,228,95,52,127
266,19,62,9,162
267,3,60,37,71
268,23,35,64,98
269,17,98,59,116
270,3,56,85,98
271,7648,94,81,76
272,640,55,89,115
273,21760,93,29,109
274,5,52,31,198
275,15824,79,48,144
276,15,28,80,113
277,18,74,74,148
278,21,32,95,134
279,21,47,13,96
280,2832,62,60,162
281,3168,97,96,110
282,5,54,37,58
283,84,99,5,199
284,14,39,44,131
285,13,99,43,76
286,127,58,99,178
287,3328,85,67,183
288,50,55,66,174
289,37,58,91,87
290,3,100,37,129
291,127936,92,9,72
292,14,63,8,84
293,14,98,15,166
294,13,71,92,104
295,15,69,94,111
296,300,84,42,79
297,3,84,63,171
298,29,28,22,66
299,7072,96,33,113
300,466,37,30,134
301,13920,93,61,90
302,14,100,37,187
303,1203,22,63,70
304,19,35,64,126
305,16480,63,96,99
306,12,57,53,175
307,53096,41,74,53
308,16,25,66,177
309,416,84,24,67
310,224,36,43,147
311,4,53,69,188
312,20,48,95,56
313,3,33,45,153
314,15,26,42,179
315,17,21,71,187
316,984,70,40,59
317,126,32,68,102
318,26,35,42,163
319,1024,69,90,154
320,24,85,19,90
321,5,41,82,145
322,386880,65,38,147
323,248,94,39,70
324,27,81,98,164
325,17,74,82,90
326,28,69,82,111
327,14,91,29,148
328,70,45,17,141
329,29,23,66,111
330,2,27,21,152
331,384,43,41,132
332,25,66,91,125
333,3,30,95,175
334,20,50,12,133
335,320,30,5,86
336,38,74,44,151
337,28,48,95,161
338,2,96,17,132
339,1120,42,16,134
340,16,37,63,68
341,1288,98,34,77
342,19,91,59,113
343,14,96,73,191
344,6400,35,35,158
345,15,29,55,75
346,21,39,57,68
347,119136,61,93,55
348,17,22,92,198
349,1216,33,69,171
350,2192,95,35,190
351,38,65,47,166
352,19,66,11,151
353,2,55,28,85
354,1552,51,24,137
355,5,90,43,200
356,2,96,73,168
357,4,46,49,178
358,13,75,23,98
359,17,74,61,171
360,14,91,72,193
361,9,63,60,200
362,768,99,40,92
363,14,71,50,143
364,220800,73,85,93
365,15,61,23,78
366,212,35,26,189
367,2368,61,60,195
368,2464,26,62,144
369,2816,25,40,91
370,20,83,27,157
371,17504,99,89,160
372,4896,87,17,200
373,26,73,41,154
374,7,82,63,84
375,696,53,70,80
376,4,32,79,124
377,17,51,36,197
378,16,91,79,156
379,1104,54,84,200
380,17,39,71,198
381,14,37,35,100
382,640,44,58,81
383,13,54,87,82
384,760,40,37,92
385,15,40,87,158
386,3808,73,10,127
387,15,89,45,98
388,2,27,6,171
389,88,83,59,166
390,13,97,25,88
391,38,48,28,96
392,16,80,42,52
393,10,24,42,166
394,17,65,53,192
395,3,82,90,89
396,984,78,25,87
397,38,43,64,197
398,10,32,76,102
399,4,48,78,128
400,15,36,66,51
401,17,46,66,119
402,17,97,40,140
403,3,56,46,129
404,294,72,91,175
405,21,40,58,87
406,20,67,82,180
407,14,46,27,56
408,1952,84,18,149
409,20,44,12,108
410,2,55,7,101
411,3,97,39,53
412,15,49,81,90
413,16,91,7,85
414,18,50,62,175
415,2944,98,22,149
416,4352,50,31,166
417,15,47,68,153
418,4,23,45,98
419,152,62,97,113
420,21,52,17,120
421,74,97,89,155
422,26664,59,89,178
423,2944,68,19,98
424,8,32,26,119
425,1224192,55,19,188
426,4,90,67,144
427,16,38,37,160
428,9792,63,10,144
429,17,40,33,75
430,4224,28,17,173
431,4,98,50,55
432,20,77,96,81
433,18,41,33,101
434,10,86,83,131
435,5,83,98,96
436,640,31,98,73
437,10,36,83,78
438,51,68,40,71
439,14,39,37,75
440,16,87,89,144
441,20,39,23,91
442,36,94,56,88
443,848,52,9,184
444,23,97,40,110
445,24,25,94,102
446,25,95,61,94
447,14,54,99,159
448,8,78,90,181
449,21,40,44,93
450,8928,84,80,89
451,8768,55,54,62
452,106432,46,25,61
453,3,75,47,180
454,16,82,54,122
455,84,93,66,179
456,15,46,54,89
457,2,37,79,162
458,164,40,75,132
459,21,51,23,160
460,21,67,85,176
461,21,39,79,195
462,5088,86,98,157
463,156,40,51,80
464,3,49,93,131
465,13376,67,48,63
466,3968,82,11,69
467,17,21,20,164
468,15,92,70,192
469,2816,34,60,196
470,410,95,72,159
471,184,72,59,170
472,3,24,77,72
473,28,20,30,123
474,4,32,100,165
475,360,96,12,112
476,50,65,7,132
477,76,94,79,162
478,4,39,89,164
479,14,25,73,122
480,35776,21,30,188
481,4,49,84,70
482,17,42,21,91
483,2,22,18,102
484,1193,51,64,164
485,3,25,68,155
486,17,94,58,120
487,14,72,43,187
488,15,36,23,64
489,2728,29,25,118
490,1242,93,64,83
491,17,75,89,165
492,21,52,47,90
493,75840,21,31,131
494,14,85,86,129
495,3,53,88,198
496,6400,54,51,78
497,17,82,100,115
498,19,24,88,100
499,2,86,73,146
500,8,63,31,113
501,768,100,92,148
502,1024,86,83,162
503,6400,44,6,129
504,13,62,78,99
505,14,84,53,86
506,2,60,17,199
507,19,94,60,119
508,16,53,59,80
509,4672,84,93,122
510,3,21,91,162
511,18976,76,31,76
512,294,92,33,164
513,64,56,97,124
514,20,36,56,73
515,16,88,5,138
516,15,53,17,67
517,2,35,91,157
518,19096,43,71,77
519,5088,30,58,176
520,1136,90,8,130
521,4544,80,8,169
522,3,91,43,79
523,142,45,21,191
524,2006,61,15,116
525,26,35,48,197
526,20,22,53,93
527,14,75,18,164
528,13,27,68,173
529,5,31,79,163
530,25024,25,16,79
531,6720,37,44,186
532,15,98,54,128
533,2,27,15,162
534,3,51,82,89
535,7,69,60,86
536,94,94,51,92
537,2,66,7,91
538,26,83,49,195
539,7,37,85,123
540,2848,39,15,100
541,9392,43,10,160
542,16,56,25,68
543,16,97,62,141
544,19,57,52,160
545,16,78,23,72
546,8960,21,25,126
547,21,70,16,170
548,2,21,65,65
549,5,38,72,74
550,2,64,95,147
551,16,62,48,194
552,3,97,90,141
553,4214,75,6,76
554,384,57,6,153
555,21,41,25,143
556,19,71,6,60
557,3,42,24,57
558,60,96,86,88
559,104,28,46,133
560,7056,64,40,113
561,24,78,58,137
562,2,29,46,83
563,15,25,68,128
564,16,94,83,150
565,224,37,74,175
566,1024,86,58,194
567,22,44,12,82
568,52,28,36,98
569,4,59,55,186
570,5,78,75,148
571,16,92,83,114
572,24,83,58,128
573,3,38,11,99
574,3,87,67,64
575,340,76,36,97
576,16,28,33,99
577,168,91,31,80
578,560,98,60,84
579,14,71,93,140
580,336,51,39,173
581,11,52,26,187
582,1008,47,27,106
583,87,67,94,98
584,15,25,38,193
585,2,23,17,62
586,3,30,91,166
587,21,89,55,115
588,13,39,13,84
589,1184,51,88,75
590,2144,35,22,136
591,31264,92,88,53
592,3,21,94,57
593,17,47,26,107
594,15,21,36,157
595,15,38,40,57
596,15,54,55,176
597,8896,40,34,160
598,6,37,70,112
599,22,63,94,66
