0,3,46,62,131
1,58,51,13,172
2,3,21,21,69
3,3,72,87,126
4,4,77,66,140
5,59552,28,36,200
6,4192,47,86,72
7,18,36,19,165
8,21,33,37,153
9,16,88,42,196
10,4224,49,32,173
11,81,26,38,132
12,2,82,49,55
13,3,43,81,76
14,19,71,74,63
15,17,93,55,149
16,2,22,41,152
17,23,69,16,74
18,16000,93,21,133
19,15,25,96,189
20,108,95,53,50
21,4,71,6,195
22,6,23,52,64
23,60,54,15,165
24,28,53,73,123
25,62,72,82,168
26,192,73,69,102
27,21376,98,75,120
28,16,82,31,80
29,5376,55,76,117
30,2,69,54,93
31,26,69,20,128
32,996,93,43,160
33,4,80,21,148
34,3210,61,8,134
35,15,100,56,194
36,15,34,92,184
37,6,41,66,170
38,336,42,29,171
39,56,41,9,59
40,15,73,31,160
41,24,68,45,108
42,5,29,34,53
43,15,32,54,75
44,15,96,16,85
45,18,95,79,144
46,15,75,10,153
47,15,63,50,185
48,36,93,28,133
49,192,32,19,66
50,3328,20,91,105
51,21,78,18,197
52,29056,35,21,129
53,16,39,81,93
54,21,100,88,70
55,21,35,76,82
56,38,20,41,160
57,10176,79,22,167
58,14,62,87,55
59,17,95,32,68
60,15,64,67,112
61,3,68,25,105
62,16,59,7,152
63,163,28,45,99
64,19,80,30,102
65,8864,44,5,184
66,3,33,77,121
67,17,98,15,152
68,6,35,24,189
69,699136,39,60,173
70,40768,44,53,66
71,17,56,16,162
72,2,35,82,138
73,28,89,95,196
74,16448,58,11,118
75,16,91,20,88
76,15,23,67,63
77,15,70,46,65
78,2,20,28,66
79,19,38,35,100
80,1380,88,39,130
81,1227648,87,15,99
82,35,59,66,84
83,5,51,62,89
84,2784,80,71,66
85,22272,70,67,111
86,14,56,29,128
87,5,45,66,147
88,6,71,27,131
89,18,53,11,103
90,55,38,30,73
91,1824,88,50,113
92,58016,95,65,86
93,13,43,64,191
94,21,79,83,130
95,16,25,16,53
96,224,33,82,183
97,2272,87,20,64
98,336,42,99,53
99,4,36,83,67
100,3,54,31,134
101,5824,36,93,104
102,31,89,84,73
103,2304,67,80,86
104,613248,52,93,50
105,22,22,13,163
106,90276,70,9,107
107,1856,65,93,173
108,21,75,8,167
109,10,56,5,147
110,29,81,59,162
111,21,94,57,63
112,4,64,18,169
113,28,79,26,180
114,3,25,17,106
115,3,84,96,134
116,8,57,10,155
117,104,88,69,57
118,896,80,59,51
119,21,46,52,88
120,17,73,54,104
121,15,48,25,138
122,2,56,76,130
123,92,99,12,150
124,9440,74,6,66
125,89,63,47,139
126,21,26,46,186
127,19,91,91,82
128,3,90,82,199
129,15,31,84,150
130,160,28,79,138
131,3840,77,22,164
132,3,61,17,166
133,21,92,19,119
134,1192,23,69,172
135,3,31,11,198
136,3,42,21,161
137,3616,85,23,146
138,40,50,67,96
139,21,60,63,112
140,17,22,33,89
141,36,45,50,88
142,2,86,58,172
143,59776,68,56,59
144,20,25,95,90
145,20,42,57,147
146,3,82,51,85
147,15,57,7,135
148,608,56,28,58
149,15,54,60,129
150,15,64,5,161
151,228,54,63,174
152,3,45,8,113
153,1584,84,75,71
154,13,80,9,93
155,672,33,55,141
156,7232,55,5,182
157,4,36,30,74
158,596800,62,83,188
159,5,97,91,56
160,121,30,72,99
161,168,34,54,168
162,718,71,27,96
163,3,89,88,147
164,4,78,22,139
165,3,64,21,191
166,2,91,68,184
167,3,50,92,159
168,16,86,87,131
169,3,86,76,148
170,4,68,45,82
171,17,24,91,135
172,12,59,52,187
173,248,40,17,188
174,158,81,27,161
175,26,90,23,61
176,416,55,88,100
177,13,86,11,87
178,1154,93,73,54
179,4,59,10,131
180,4,74,39,59
181,3,57,65,91
182,6912,94,88,184
183,2688,77,63,163
184,16,62,91,199
185,6656,36,38,145
186,19,72,85,147
187,10,28,38,109
188,12,51,64,119
189,4512,49,13,78
190,69,66,63,75
191,13016,27,71,65
192,16,62,76,195
193,15328,23,56,191
194,21,34,90,83
195,8640,66,7,128
196,6624,93,33,189
197,80,91,21,189
198,15,43,27,190
199,23,93,75,150
200,23,71,70,95
201,10,48,25,137
202,16,71,22,168
203,2,35,92,163
204,5,26,21,84
205,4,43,28,97
206,19,38,14,115
207,15,71,23,180
208,13504,41,81,134
209,15,46,18,195
210,1136,74,74,182
211,14,30,9,91
212,152,40,25,147
213,132,87,79,152
214,576,25,86,133
215,10,35,63,91
216,1888,27,74,190
217,33,70,78,67
218,59584,23,82,97
219,7008,99,88,142
220,96,76,21,159
221,31412,58,80,161
222,2492,92,53,168
223,16,79,45,71
224,13696,85,65,57
225,5984,74,71,161
226,6,35,19,181
227,21,86,25,62
228,21,98,38,140
229,150,85,54,177
230,39,98,8,179
231,20,98,55,89
232,6,53,66,156
233,14,36,38,176
234,16,28,29,160
235,31,54,53,147
236,128,52,34,50
237,1148,70,92,73
238,23,71,17,127
239,20,70,94,112
240,9392,63,7,104
241,21,78,60,174
242,17,70,77,98
243,2,40,82,88
244,3,83,9,199
245,154,68,6,123
246,37,50,87,59
247,29,94,37,54
248,1504,40,70,131
249,4,48,68,121
250,12096,97,24,66
251,7,77,54,142
252,216,31,18,128
253,16,68,98,106
254,216,31,89,156
255,31264,87,100,124
256,20,72,12,144
257,3,88,16,169
258,4,76,74,109
259,2,87,98,76
260,14,47,85,143
261,34,94,87,79
262,4,34,63,95
263,23,66,75,55
264,21,45,16,195
265,4220,91,49,56
266,1856,36,73,186
267,17,33,100,67
268,45,42,23,62
269,24,62,69,173
270,17,27,85,156
271,5,94,19,192
272,15,20,14,97
273,336,45,40,127
274,19,73,22,106
275,40,33,37,178
276,2,23,40,112
277,144,54,29,83
278,17,53,12,144
279,520,25,84,126
280,3,68,25,144
281,448,27,26,88
282,19,51,23,130
283,4592,97,81,137
284,21,63,70,111
285,13,24,42,162
286,324,47,42,145
287,14,76,29,115
288,17376,74,85,70
289,12416,77,35,197
290,21,36,10,104
291,3,99,63,97
292,864,70,97,132
293,15,68,18,191
294,37408,40,83,87
295,26912,59,71,124
296,41,79,28,151
297,42,26,75,154
298,4,52,29,138
299,10,93,87,141
