0,294,75,8,156
1,111,49,50,109
2,79968,24,81,101
3,19,21,36,69
4,288,20,50,107
5,7760,97,63,57
6,9,41,59,112
7,15,55,90,197
8,18,29,32,160
9,2,100,24,167
10,9,22,60,72
11,9,29,81,63
12,2432,83,67,132
13,360,22,56,192
14,18688,77,11,86
15,14,47,42,159
16,21,21,17,102
17,2210,37,25,136
18,3,85,73,137
19,17,84,66,193
20,21,100,46,65
21,38848,87,39,108
22,13,62,84,89
23,8,34,16,128
24,14,89,43,124
25,18,52,32,162
26,60,99,55,108
27,21,70,37,183
28,13,59,24,50
29,3,34,96,71
30,12,89,53,83
31,20,89,51,164
32,16,22,84,101
33,318592,71,27,65
34,56,26,84,195
35,2,95,88,127
36,15,37,13,133
37,5,46,84,55
38,15,88,35,84
39,15,31,90,109
40,15,55,36,61
41,15,29,68,122
42,5,59,98,159
43,576,47,24,196
44,2,33,55,59
45,18,87,64,54
46,292,93,85,196
47,14,98,40,69
48,26,46,23,78
49,4,27,13,88
50,14656,96,76,73
51,3,86,5,89
52,22,98,27,119
53,2,43,25,99
54,2720,58,42,98
55,2,49,38,59
56,3,85,63,93
57,4,50,77,165
58,172,50,98,177
59,21,38,21,71
60,912,86,72,52
61,18,43,23,131
62,3,26,96,76
63,4,61,49,120
64,14,70,6,134
65,16,27,20,193
66,6060,91,46,135
67,115552,75,54,180
68,15,29,28,81
69,49024,48,99,152
70,14,34,83,169
71,36,99,43,96
72,21,50,29,129
73,16,94,26,91
74,1826,90,67,78
75,2,50,80,164
76,38,76,96,107
77,17,98,98,127
78,14,73,58,155
79,2,96,73,139
80,3277,69,27,79
81,3,42,80,94
82,4544,63,34,121
83,2,55,30,150
84,1796,37,14,84
85,18,35,80,118
86,384,34,73,131
87,22,72,78,53
88,14,59,85,98
89,38,75,25,50
90,21,62,99,105
91,84,83,11,54
92,3504,63,50,74
93,322,89,36,130
94,2,78,70,58
95,432,30,38,86
96,50,33,88,84
97,251,35,12,160
98,15,63,81,65
99,15,58,58,116
