0,25089,35,29,79
1,8533,64,23,73
2,18613,48,44,176
3,14937,76,59,95
4,37539,22,38,53
5,32274,24,66,129
6,34669,67,22,163
7,40931,99,83,54
8,29487,86,85,176
9,33401,54,92,174
10,39353,85,37,180
11,16882,40,84,178
12,33516,90,82,68
13,4367,78,92,148
14,8216,61,53,164
15,1196,36,76,138
16,22554,27,95,148
17,12537,35,57,57
18,9760,30,58,130
19,32746,68,73,187
20,30478,49,50,171
21,15360,35,18,69
22,6796,81,12,134
23,37334,26,25,121
24,25813,36,10,56
25,18330,25,41,200
26,32341,63,37,89
27,2801,23,26,146
28,995,60,88,164
29,36142,72,54,97
30,18784,67,26,107
31,26279,30,41,164
32,34566,32,45,70
33,6220,62,96,165
34,22970,63,99,192
35,16304,90,50,136
36,2039,55,25,126
37,21773,46,5,111
38,34805,37,41,122
39,37215,23,57,137
40,4176,64,16,69
41,17999,58,96,139
42,34144,87,86,88
43,3445,57,69,101
44,413,68,92,190
45,23378,21,32,194
46,19763,56,37,171
47,30375,90,66,51
48,14606,97,40,147
49,25514,27,43,64
50,23553,61,87,189
51,15788,87,46,169
52,3601,55,55,163
53,11112,93,75,123
54,10149,70,8,183
55,33987,26,77,152
56,13218,56,30,166
57,460,34,34,132
58,21732,68,20,53
59,882,82,46,71
60,19878,100,49,187
61,5917,91,78,173
62,23105,100,74,83
63,39017,62,9,80
64,4602,95,16,115
65,25169,46,42,134
66,9901,77,96,128
67,24310,96,70,153
68,40633,68,77,50
69,39575,23,93,139
70,6662,53,33,153
71,9874,55,31,132
72,23329,41,5,125
73,37132,22,81,180
74,21366,51,36,55
75,35224,85,76,81
76,6668,52,44,119
77,32429,29,38,114
78,28532,88,27,98
79,26169,41,38,53
80,23134,85,69,97
81,29183,63,30,196
82,39454,50,59,75
83,12232,24,59,187
84,8004,86,29,154
85,17033,35,50,178
86,37846,73,11,61
87,17296,92,16,90
88,6811,60,40,103
89,42223,83,79,67
90,20717,100,44,187
91,31385,62,7,96
92,28875,51,77,101
93,26894,25,45,193
94,17215,65,55,81
95,15300,28,59,106
96,21136,56,93,71
97,17583,58,30,118
98,25940,29,36,166
99,8992,60,83,90
100,27178,54,6,164
101,6737,47,87,144
102,19864,67,60,138
103,35158,90,51,168
104,39493,67,39,64
105,6934,85,12,181
106,35421,51,24,135
107,38728,90,15,122
108,16611,88,50,90
109,28482,69,6,198
110,34616,69,7,134
111,17950,32,93,152
112,4055,44,68,166
113,11460,61,37,181
114,40890,58,17,144
115,2821,76,27,198
116,14996,65,83,59
117,42057,44,64,60
118,12036,58,82,171
119,20085,22,66,117
120,534,23,15,147
121,14223,38,31,78
122,20365,73,37,130
123,21199,57,84,118
124,38326,31,82,173
125,31359,93,80,110
126,6342,59,86,68
127,19648,34,67,69
128,6324,33,49,135
129,37351,44,66,82
130,40298,39,93,121
131,26934,36,71,141
132,26310,69,45,68
133,15608,64,97,159
134,15949,56,61,52
135,6597,55,55,102
136,41484,36,45,182
137,9659,78,42,137
138,18639,62,64,52
139,39941,26,69,81
140,37406,42,73,155
141,40063,41,91,129
142,40290,54,9,195
143,8926,30,46,91
144,30099,36,20,151
145,19836,77,42,154
146,16089,51,24,181
147,4124,57,35,136
148,14660,60,39,171
149,40079,62,48,112
150,3617,61,9,57
151,2779,99,86,161
152,31614,73,79,52
153,39315,34,14,102
154,27078,65,49,159
155,27643,25,30,135
156,30214,70,18,147
157,15834,98,86,124
158,36029,27,45,76
159,2470,88,76,106
160,40685,70,63,85
161,15276,65,67,124
162,7396,99,95,142
163,11215,67,25,68
164,10220,46,15,97
165,27450,73,18,136
166,18559,47,5,123
167,16878,90,49,98
168,19266,80,46,128
169,41887,89,74,175
170,3828,29,57,186
171,26138,42,60,194
172,25761,98,35,194
173,40026,72,94,175
174,1952,94,92,109
175,32630,35,56,121
176,33139,99,12,158
177,22263,70,76,58
178,21287,98,7,161
179,40669,21,25,106
180,6345,46,32,188
181,30967,54,14,144
182,24725,60,28,156
183,10324,67,43,86
184,36575,22,16,165
185,26375,53,97,111
186,33555,78,5,71
187,14795,68,17,193
188,4507,75,72,184
189,31712,28,80,133
190,34561,55,12,193
191,30985,77,61,171
192,28185,34,86,115
193,6387,70,100,74
194,3936,44,68,107
195,2216,85,98,160
196,20516,49,7,171
197,8688,90,59,54
198,20619,38,33,153
199,37665,92,40,168
200,38027,72,54,97
201,12125,59,99,110
202,12018,95,85,132
203,9244,80,25,86
204,13626,35,54,99
205,12413,52,14,139
206,7136,37,64,69
207,32849,47,77,68
208,37883,57,28,152
209,28514,25,8,57
210,6201,67,71,103
211,37347,67,79,195
212,34162,77,38,151
213,22768,61,14,61
214,12142,34,54,104
215,24054,83,64,159
216,14817,59,56,176
217,38820,76,32,84
218,36792,63,78,90
219,20128,57,69,112
220,10126,89,99,140
221,14393,48,85,173
222,23611,86,96,148
223,5228,69,27,103
224,38227,56,72,165
225,1715,21,16,79
226,4660,65,27,100
227,38325,27,77,123
228,33271,53,74,144
229,37490,57,83,161
230,16761,62,77,67
231,6926,99,79,53
232,4947,93,57,185
233,36281,71,61,65
234,32915,83,68,92
235,37142,77,70,86
236,568,74,51,75
237,36689,24,10,82
238,22659,44,15,182
239,15978,47,90,95
240,24868,61,53,134
241,7084,22,37,140
242,23142,63,46,155
243,9423,55,85,52
244,10232,93,36,83
245,11468,46,73,100
246,37274,74,39,59
247,25748,38,37,63
248,8612,80,98,97
249,21061,96,23,159
250,11877,90,60,73
251,8869,62,16,153
252,24011,48,51,179
253,16969,72,76,164
254,23616,74,48,63
255,17369,29,30,105
256,29639,87,56,87
257,39636,21,58,67
258,28687,82,93,153
259,35233,49,50,66
260,38277,26,47,184
261,9716,74,48,143
262,5425,80,20,60
263,17853,54,29,76
264,20082,83,45,87
265,14852,29,88,130
266,29406,20,35,152
267,9722,46,66,64
268,3301,21,40,137
269,28394,85,15,99
270,27188,81,42,98
271,819,27,29,65
272,8304,97,48,145
273,753,71,98,113
274,19411,71,17,142
275,6877,32,73,113
276,9094,60,13,198
277,3109,45,77,66
278,1158,74,16,151
279,30026,49,18,159
280,35932,65,96,77
281,27850,60,100,172
282,4227,37,18,168
283,21016,23,93,81
284,39333,24,96,64
285,28668,63,39,121
286,21527,38,86,72
287,10755,49,24,109
288,23709,87,90,119
289,21615,44,36,109
290,22066,99,91,104
291,18213,56,80,142
292,365,94,40,90
293,30822,73,78,196
294,35450,83,66,117
295,7523,76,46,59
296,16548,63,31,172
297,7761,78,36,94
298,31364,75,82,190
299,15434,76,28,200
