0,11590,79,68,92
1,24636,21,37,151
2,7896,99,86,104
3,2271,39,33,83
4,15228,47,64,157
5,41570,42,87,113
6,26385,49,63,167
7,26459,20,61,100
8,20396,99,37,119
9,7822,89,37,158
10,860,43,53,84
11,18399,96,21,187
12,10879,39,13,80
13,183,53,98,66
14,37387,62,9,80
15,27573,59,10,197
16,16099,37,56,187
17,25391,27,82,137
18,26417,45,62,118
19,36795,23,50,57
20,7412,66,6,139
21,1117,98,83,68
22,17453,85,79,56
23,8296,75,82,181
24,35511,93,15,196
25,24576,57,91,60
26,22084,25,7,192
27,28743,90,12,108
28,15270,24,37,89
29,15645,35,34,186
30,15702,55,26,164
31,11630,85,75,181
32,29615,97,33,73
33,23580,77,45,122
34,41113,67,98,169
35,5373,23,91,67
36,20231,42,14,92
37,8284,94,19,116
38,39140,46,78,103
39,25813,84,27,113
40,31384,48,51,97
41,23069,83,89,162
42,9927,55,54,132
43,11544,76,61,179
44,35014,80,11,173
45,11780,59,60,71
46,32645,28,58,92
47,39683,100,92,67
48,40607,85,48,97
49,31546,100,32,170
50,23795,69,53,63
51,27644,48,38,64
52,741,23,59,193
53,40497,29,75,125
54,18496,99,31,160
55,29497,87,60,93
56,22873,88,42,143
57,10096,91,28,144
58,20545,69,86,191
59,30842,73,75,96
60,7796,34,49,182
61,24310,65,83,99
62,12292,55,36,179
63,17182,24,96,152
64,4198,74,85,151
65,21939,100,11,169
66,6134,54,34,72
67,32441,60,57,126
68,31580,40,28,180
69,33083,60,92,71
70,32461,20,56,98
71,22779,50,22,147
72,4205,77,78,52
73,34476,95,72,110
74,4668,26,42,169
75,16117,31,45,185
76,11192,50,60,88
77,3659,63,5,157
78,11324,96,48,164
79,10314,39,5,53
80,16057,56,38,60
81,41942,36,44,172
82,28753,32,53,114
83,11488,67,16,195
84,23131,61,99,83
85,38453,96,59,107
86,33667,59,70,68
87,21445,39,25,132
88,11368,38,65,71
89,26459,28,63,200
90,32715,40,10,77
91,440,64,85,184
92,7554,27,95,172
93,13448,93,17,137
94,2338,35,57,87
95,23681,63,55,195
96,26006,26,21,196
97,10101,65,28,100
98,25984,31,44,97
99,20146,92,20,83
100,4683,43,49,188
101,26852,76,72,60
102,12327,21,28,81
103,30909,100,66,198
104,21701,23,12,132
105,30163,58,15,198
106,17719,82,10,175
107,38859,90,66,63
108,31157,100,96,105
109,35260,33,33,184
110,40538,85,36,182
111,21398,44,32,152
112,17244,28,34,189
113,3295,41,49,99
114,35137,23,32,86
115,2018,53,52,115
116,13948,74,35,157
117,34632,30,68,133
118,26085,61,45,90
119,32902,51,33,70
120,258,36,99,180
121,1763,38,24,183
122,32476,25,9,60
123,8947,39,40,51
124,23618,62,12,179
125,38334,69,33,147
126,35661,29,62,59
127,38135,97,82,139
128,32244,38,82,132
129,13074,80,65,134
130,26219,74,15,85
131,21884,54,94,168
132,6043,77,33,83
133,41843,61,34,178
134,36738,35,61,176
135,34586,46,96,173
136,18740,35,100,56
137,2450,84,67,121
138,17388,34,38,103
139,9727,73,56,197
140,29837,22,99,54
141,9836,25,55,77
142,26342,60,71,151
143,25198,38,86,126
144,31018,71,17,175
145,30957,67,12,133
146,14207,45,99,156
147,17344,25,69,77
148,33717,21,93,106
149,15006,40,92,180
150,651,91,100,199
151,38364,66,68,100
152,40806,32,35,52
153,23574,45,47,77
154,21113,59,88,127
155,25366,60,97,80
156,35143,24,35,115
157,32104,20,100,173
158,16031,38,67,120
159,29671,34,48,124
160,13579,29,11,164
161,11410,55,32,198
162,39314,20,33,133
163,5011,56,92,163
164,7330,58,28,180
165,40258,32,56,145
166,15355,42,45,130
167,37447,92,18,180
168,2297,75,63,84
169,9613,100,37,147
170,37142,54,89,62
171,35006,78,87,123
172,38804,85,11,54
173,40630,79,6,145
174,10837,97,18,114
175,23015,48,52,133
176,24675,82,6,199
177,28604,51,71,83
178,20145,30,60,104
179,14350,34,69,78
180,5395,34,19,112
181,26220,46,73,107
182,5987,24,74,70
183,28736,63,57,72
184,20914,76,93,63
185,42046,67,12,93
186,18838,27,7,184
187,6273,33,28,113
188,38317,97,85,198
189,41963,32,76,194
190,1387,90,53,119
191,22862,63,93,147
192,17171,50,98,195
193,39314,42,30,53
194,5495,42,13,161
195,40875,21,25,81
196,24439,34,86,149
197,7927,99,89,90
198,19629,49,27,124
199,18039,75,51,75
200,39837,26,81,186
201,6171,65,64,114
202,34074,29,59,104
203,13522,78,28,126
204,41314,31,58,123
205,2563,90,9,127
206,11937,77,21,190
207,35677,88,30,110
208,12052,50,23,129
209,34708,98,48,64
210,29317,84,39,119
211,27014,73,45,157
212,21892,64,77,68
213,10550,87,15,114
214,2875,65,9,65
215,9218,77,17,148
216,8542,65,99,147
217,28444,79,58,133
218,16255,49,94,63
219,15940,96,37,56
220,20252,26,48,140
221,5495,60,23,174
222,20682,75,65,154
223,34807,38,100,73
224,4218,80,93,84
225,5535,36,98,108
226,29492,31,75,79
227,2805,29,28,149
228,38758,96,69,90
229,3366,36,26,199
230,16836,38,44,200
231,39948,45,21,142
232,22519,70,97,95
233,20798,97,25,78
234,3316,21,46,144
235,5185,24,65,104
236,11363,73,8,169
237,32458,57,15,139
238,30436,56,57,158
239,15403,76,90,75
240,3457,86,27,50
241,13809,37,94,86
242,27340,57,58,136
243,37178,47,40,95
244,32382,44,94,141
245,41326,56,57,198
246,12102,83,42,114
247,21630,97,15,66
248,25223,40,57,92
249,32796,32,56,87
250,15815,47,37,115
251,28284,38,69,197
252,38753,44,99,112
253,570,99,38,73
254,41830,45,32,97
255,38259,57,82,73
256,30513,33,82,90
257,33936,92,69,136
258,26286,94,79,200
259,40643,68,84,144
260,22731,68,14,121
261,34718,41,97,147
262,780,48,12,100
263,15403,52,97,94
264,16660,32,38,74
265,34465,78,49,113
266,10016,23,39,63
267,30910,54,57,70
268,35827,83,88,87
269,19607,96,94,183
270,25890,62,39,61
271,21142,65,55,110
272,11897,84,35,93
273,19830,92,57,80
274,21942,32,94,144
275,3848,77,61,115
276,23207,94,35,165
277,2459,41,70,157
278,31165,27,97,62
279,5543,56,28,71
280,4297,89,19,93
281,39882,95,66,101
282,10447,38,10,170
283,19183,81,12,102
284,37094,30,99,172
285,28891,44,73,78
286,25489,21,28,143
287,5966,52,25,159
288,5131,74,90,174
289,31587,68,33,184
290,1765,56,60,156
291,23267,92,12,69
292,40318,54,38,67
293,15143,23,78,199
294,11610,75,21,192
295,23519,20,12,148
296,9391,21,17,188
297,17627,40,62,168
298,15290,54,29,55
299,197,64,14,91
300,2418,92,85,76
301,15643,27,30,78
302,20737,54,71,147
303,32761,27,50,61
304,8200,100,47,99
305,2713,80,77,136
306,20519,81,57,109
307,31470,89,6,99
308,7081,55,68,177
309,23042,53,5,53
310,35219,43,97,79
311,22186,99,68,111
312,25091,29,24,154
313,19938,89,34,167
314,16355,57,16,155
315,30311,42,54,71
316,34724,54,25,59
317,9659,100,86,69
318,19358,66,54,118
319,10291,99,80,125
320,38809,27,57,171
321,4070,77,63,200
322,34700,53,97,82
323,8164,49,78,177
324,9307,20,61,135
325,40642,53,53,56
326,25272,99,24,78
327,28254,84,14,109
328,27765,35,68,117
329,9109,33,49,128
330,23237,62,87,89
331,23399,89,80,110
332,8452,53,72,158
333,41373,57,22,86
334,10667,57,82,164
335,18894,64,71,150
336,26723,33,79,64
337,3380,45,99,198
338,24550,58,38,51
339,26647,76,14,64
340,28618,71,53,161
341,14385,47,55,117
342,23396,45,41,145
343,14638,42,17,73
344,22565,32,91,168
345,4964,34,85,180
346,23463,66,77,87
347,25423,36,26,128
348,17155,66,53,169
349,32216,51,85,163
350,32558,55,45,109
351,33247,73,79,95
352,2890,86,37,171
353,22251,74,78,124
354,18457,39,89,192
355,27038,29,96,115
356,610,43,30,184
357,17542,79,32,91
358,8601,65,55,95
359,24129,68,69,179
360,213,60,40,166
361,31980,51,15,54
362,12114,78,63,97
363,25210,41,43,54
364,3569,80,54,109
365,6142,81,22,195
366,35683,94,40,86
367,11319,87,59,114
368,28130,88,52,113
369,4969,48,24,150
370,11584,35,82,170
371,37151,45,25,118
372,26924,43,9,198
373,4527,38,47,169
374,12788,48,74,183
375,2329,59,87,103
376,23416,49,62,115
377,5119,56,13,149
378,29378,98,42,180
379,1259,62,67,193
380,3371,64,40,137
381,15369,91,96,72
382,25295,56,49,200
383,970,52,74,200
384,26004,88,76,151
385,21219,80,98,116
386,8438,31,32,140
387,3873,75,15,162
388,17075,36,15,126
389,19164,47,69,136
390,13202,59,74,139
391,7828,71,62,98
392,7744,62,90,97
393,34946,49,52,105
394,23873,26,54,188
395,3192,24,61,69
396,10097,97,58,116
397,29341,62,34,52
398,37890,20,80,138
399,3496,32,48,70
400,36288,53,96,177
401,3350,43,70,169
402,34845,74,15,163
403,33746,67,69,167
404,13905,89,94,135
405,24093,33,10,137
406,19100,40,9,64
407,7100,79,72,165
408,20340,60,41,182
409,12545,60,38,65
410,26710,64,9,183
411,34075,92,16,189
412,33596,70,49,136
413,29075,49,47,59
414,10472,75,8,187
415,6763,54,37,155
416,28903,48,17,149
417,579,48,31,123
418,20280,96,94,140
419,23557,29,9,78
420,13350,51,98,155
421,5091,72,43,104
422,5589,58,45,99
423,13210,47,75,181
424,10685,79,16,146
425,31732,84,59,73
426,31386,23,18,197
427,39667,64,7,114
428,36109,92,85,68
429,28718,88,20,169
430,19910,73,5,152
431,15098,83,64,149
432,15945,62,16,91
433,39124,92,84,183
434,7893,88,84,70
435,6725,20,13,146
436,41235,50,67,103
437,5506,31,36,99
438,40427,20,30,90
439,13314,63,50,106
440,24600,81,30,176
441,33965,70,59,50
442,2373,30,74,61
443,37459,95,8,190
444,28827,55,37,87
445,29289,55,53,57
446,39585,45,69,68
447,3915,62,46,179
448,1880,81,80,198
449,21021,68,54,94
450,17222,95,42,75
451,947,63,45,63
452,16587,77,48,75
453,41867,80,45,199
454,12629,45,27,52
455,14507,42,6,64
456,7457,22,77,80
457,38334,20,29,87
458,42148,73,51,199
459,31465,96,46,179
460,39087,65,100,200
461,26298,90,97,165
462,22497,53,73,165
463,36037,55,17,151
464,24635,98,12,110
465,1443,83,18,177
466,3828,23,32,88
467,25818,48,21,100
468,30885,89,68,82
469,24255,40,24,181
470,11413,31,40,90
471,1201,75,93,58
472,23565,73,58,122
473,2490,49,51,181
474,23600,53,50,198
475,5576,33,47,138
476,6586,80,39,181
477,34000,39,48,53
478,24067,99,51,60
479,9126,53,44,112
480,16522,26,70,107
481,19770,28,61,51
482,18538,54,71,70
483,35590,91,55,121
484,6695,20,12,175
485,13289,43,30,82
486,19414,88,86,170
487,29513,68,75,171
488,26756,76,84,196
489,39088,55,100,135
490,5668,65,30,167
491,2697,44,66,158
492,34444,93,19,137
493,36668,26,17,54
494,5967,95,43,137
495,9505,68,40,51
496,36951,65,80,192
497,3351,81,45,67
498,21501,95,66,190
499,35679,39,74,119
500,5922,54,10,76
501,13319,47,86,112
502,1118,27,79,144
503,20726,45,79,142
504,5962,86,96,57
505,30545,28,39,61
506,26950,83,5,140
507,13220,68,48,180
508,25390,34,53,81
509,8363,45,68,126
510,19933,73,78,195
511,13167,30,8,186
512,17054,21,57,134
513,27446,96,8,149
514,6690,22,88,164
515,27069,42,44,122
516,14596,37,73,105
517,40232,43,27,79
518,32925,21,26,130
519,12950,97,26,162
520,18261,69,7,173
521,23785,75,19,137
522,28862,61,22,107
523,27920,33,87,94
524,23773,77,39,67
525,2793,22,83,66
526,28978,88,29,85
527,19901,55,52,131
528,39828,62,90,71
529,14980,89,99,177
530,25577,85,74,104
531,31183,20,42,181
532,9132,40,84,98
533,14926,52,36,72
534,4095,35,65,121
535,26364,94,66,162
536,12396,49,21,188
537,18194,36,56,137
538,25777,54,58,94
539,34453,29,72,158
540,3932,86,15,154
541,38254,49,6,54
542,19367,90,44,145
543,15055,70,63,76
544,42212,54,96,181
545,24924,37,97,153
546,10787,84,19,51
547,21426,56,48,55
548,25567,23,69,178
549,32213,55,75,199
550,11929,92,5,134
551,40895,94,35,176
552,6148,84,23,191
553,30951,46,30,137
554,27562,52,7,83
555,6424,71,50,100
556,2776,31,33,93
557,23336,20,12,150
558,38336,25,87,146
559,12270,52,47,54
560,14875,55,16,169
561,4774,89,88,161
562,35980,79,45,107
563,4122,39,50,115
564,18614,42,65,58
565,35585,53,95,129
566,10883,70,81,59
567,12724,25,37,87
568,9650,95,83,173
569,2746,33,30,178
570,36983,63,16,89
571,32018,30,93,199
572,10586,88,87,65
573,33938,80,20,148
574,20149,88,43,172
575,20442,21,89,200
576,2299,31,18,174
577,3102,21,28,158
578,21461,78,5,200
579,33004,42,40,188
580,19232,31,56,114
581,13651,58,5,176
582,30970,72,83,81
583,15335,44,93,143
584,14250,49,18,122
585,31177,87,86,75
586,24368,69,95,122
587,9807,34,6,73
588,36218,92,42,54
589,9422,57,79,159
590,40828,96,86,171
591,9431,25,78,100
592,29139,76,85,166
593,3852,42,8,165
594,35686,48,88,170
595,12620,56,85,97
596,29364,59,67,152
597,38287,37,85,161
598,6702,26,32,117
599,15086,36,86,106
