0,41560,98,17,103
1,12114,36,90,184
2,31313,47,96,199
3,32920,82,9,183
4,2576,35,28,79
5,22281,49,14,100
6,11296,95,21,124
7,42019,46,34,63
8,38077,96,54,106
9,23868,74,44,129
10,37503,96,7,184
11,13424,50,55,73
12,16053,64,29,188
13,16917,47,9,67
14,27678,27,53,166
15,33943,93,100,115
16,8494,90,14,162
17,4610,22,78,132
18,17494,91,64,192
19,20232,20,87,166
20,17674,82,18,52
21,38256,96,67,166
22,16097,64,7,56
23,37260,31,74,92
24,38242,27,100,110
25,25888,33,43,172
26,11192,70,75,187
27,5458,99,26,51
28,33748,47,47,97
29,40160,61,99,138
30,16285,26,83,179
31,14449,83,19,100
32,32387,79,6,186
33,25029,55,53,108
34,31550,92,68,137
35,9489,21,29,64
36,21293,70,38,123
37,3863,84,89,129
38,29384,23,70,53
39,35976,95,33,134
40,17479,25,44,51
41,1455,48,60,61
42,34061,51,79,97
43,22130,40,61,128
44,23393,79,33,166
45,21869,48,16,75
46,18533,75,12,100
47,39320,50,57,162
48,34618,53,74,160
49,38050,79,57,159
50,30577,84,36,81
51,2851,95,6,192
52,27669,57,91,136
53,4887,88,11,142
54,17443,80,74,160
55,17741,52,66,145
56,25518,59,27,165
57,6050,20,19,103
58,37438,63,79,190
59,35530,67,15,65
60,3738,32,65,126
61,27851,99,25,189
62,40749,61,92,199
63,1720,97,17,128
64,41277,29,39,179
65,19771,82,85,170
66,40105,100,89,53
67,5999,44,15,167
68,19158,56,53,96
69,17436,99,91,74
70,484,30,61,155
71,36569,64,82,119
72,10166,54,19,63
73,7414,23,62,65
74,35760,66,19,176
75,4323,62,85,191
76,2443,45,77,111
77,2640,80,35,70
78,7633,33,79,170
79,35751,55,72,87
80,10668,88,73,130
81,1120,33,76,180
82,26998,53,82,106
83,19314,90,12,84
84,5634,81,54,190
85,27402,36,68,181
86,1998,49,76,138
87,24736,70,74,57
88,26817,46,82,172
89,6463,47,18,58
90,10766,29,90,110
91,31357,45,93,112
92,3572,61,75,171
93,5711,59,39,103
94,16677,49,95,107
95,37771,72,65,112
96,40900,30,79,80
97,34804,89,38,144
98,25853,39,30,171
99,2260,74,45,59
