0,31230,58,54,189
1,12347,91,24,200
2,16705,70,36,58
3,2741,98,12,144
4,11135,38,33,148
5,41769,68,7,165
6,16593,64,44,156
7,7008,74,69,132
8,12443,40,75,122
9,26776,38,55,164
10,6729,48,67,185
11,21596,31,14,84
12,29889,95,42,100
13,8828,87,78,97
14,34376,28,22,187
15,38320,28,45,148
16,10974,77,45,138
17,34417,33,57,194
18,29631,24,32,151
19,34061,97,92,77
20,14503,30,60,78
21,33792,36,48,144
22,19983,88,47,171
23,17462,37,94,87
24,20799,68,37,141
25,35511,59,17,157
26,5008,43,90,108
27,27955,84,100,58
28,41677,34,75,194
29,7632,45,8,140
30,3538,60,10,91
31,21940,99,63,81
32,29092,20,15,189
33,15306,34,44,67
34,26028,33,46,90
35,18655,86,52,53
36,12173,97,11,191
37,18475,89,13,78
38,39433,70,82,96
39,35328,82,89,149
40,38959,48,22,74
41,4018,50,37,193
42,434,79,68,101
43,33946,62,86,127
44,24591,43,24,196
45,4077,93,24,148
46,40409,98,79,79
47,6260,80,99,181
48,40038,86,43,92
49,23519,45,53,106
50,13040,31,69,129
51,40658,61,50,59
52,719,28,9,138
53,28077,72,99,185
54,25267,95,27,156
55,18989,80,38,79
56,33613,100,25,85
57,28898,86,43,156
58,9484,69,24,129
59,20381,53,5,183
60,29591,55,57,153
61,31598,69,39,122
62,36977,61,79,118
63,27330,42,85,158
64,17864,89,33,112
65,25891,80,10,199
66,14515,90,71,196
67,15771,96,91,53
68,39153,91,21,100
69,29092,82,31,148
70,32421,24,49,94
71,33336,75,62,107
72,39554,31,100,50
73,36087,41,54,72
74,41993,95,95,130
75,37793,84,74,138
76,39136,89,23,88
77,36433,96,44,164
78,27565,74,14,122
79,17669,31,74,126
80,18222,61,19,155
81,5346,48,85,191
82,25343,44,16,53
83,4621,94,73,108
84,5983,46,38,110
85,9085,100,41,83
86,13509,29,52,90
87,6110,73,5,156
88,39245,64,80,140
89,24872,53,47,200
90,34423,78,68,185
91,12975,87,79,106
92,34617,34,33,87
93,40256,67,71,83
94,12447,54,57,150
95,11815,67,52,125
96,35061,57,92,61
97,7936,42,82,88
98,3399,79,10,80
99,9307,43,100,182
100,41123,59,74,187
101,24461,51,36,87
102,16751,69,79,79
103,22207,54,29,179
104,38667,58,98,119
105,33777,78,8,167
106,20610,41,51,78
107,35427,46,37,164
108,9520,98,68,195
109,9511,71,91,182
110,32627,27,92,110
111,28742,62,81,107
112,34705,74,24,182
113,29089,83,72,153
114,21501,22,14,192
115,3363,74,33,116
116,27824,93,85,136
117,38869,22,68,127
118,38316,41,84,190
119,5601,78,47,86
120,11405,37,97,73
121,39123,56,21,132
122,107,63,80,73
123,5241,77,24,186
124,25744,44,22,82
125,21711,63,89,167
126,13806,99,5,75
127,11402,71,22,125
128,29644,30,6,76
129,16160,44,5,168
130,11548,58,66,59
131,31205,82,13,124
132,2903,89,84,88
133,2240,48,87,97
134,40643,66,89,157
135,13146,94,32,81
136,14063,21,74,61
137,19543,30,16,177
138,1953,76,89,106
139,12167,26,38,103
140,10243,74,7,73
141,24427,76,89,144
142,16287,67,27,180
143,34336,22,40,93
144,12028,52,50,141
145,7630,76,64,175
146,26858,45,66,72
147,1625,54,83,190
148,19652,64,62,57
149,7680,35,82,186
150,1201,49,71,198
151,32157,44,22,70
152,11573,36,77,96
153,39136,89,69,157
154,15610,77,91,105
155,18224,60,44,193
156,23748,78,43,119
157,5142,29,7,185
158,41324,49,30,56
159,27399,91,14,187
160,15896,58,62,170
161,25862,20,80,145
162,2658,36,13,168
163,6955,21,13,52
164,21177,53,21,91
165,40384,86,9,91
166,5623,39,70,121
167,24676,30,12,155
168,24749,53,57,182
169,29680,77,18,189
170,10210,66,7,122
171,21741,38,99,160
172,22009,70,9,118
173,13810,45,44,135
174,14426,23,25,60
175,17194,48,53,131
176,33651,70,88,68
177,13720,35,77,101
178,25274,73,26,168
179,40958,65,94,109
180,40941,25,99,87
181,11687,89,19,110
182,12042,85,25,92
183,40595,97,21,51
184,27778,92,18,183
185,9522,68,77,193
186,39193,87,88,124
187,23327,67,79,128
188,33301,58,69,102
189,36641,35,71,119
190,19792,37,37,100
191,33320,49,35,79
192,10350,72,61,54
193,36936,66,6,144
194,18501,61,57,131
195,25119,87,82,78
196,22909,27,49,71
197,38986,85,77,193
198,22829,90,51,152
199,20230,78,63,152
200,32434,64,10,150
201,12673,98,100,193
202,17276,70,56,73
203,34918,21,59,69
204,39499,69,66,166
205,18659,90,73,68
206,24107,26,17,83
207,30426,70,96,103
208,12193,38,27,57
209,40662,38,29,62
210,16992,57,70,63
211,24902,92,5,105
212,26929,24,43,174
213,28269,81,32,105
214,17338,66,53,74
215,9778,89,52,87
216,8028,95,27,179
217,16963,94,15,188
218,15724,98,38,176
219,40989,82,100,181
220,6023,66,81,79
221,7265,73,86,156
222,25815,81,8,143
223,14239,65,71,97
224,5449,20,13,137
225,19736,45,87,94
226,3612,100,73,131
227,17156,100,46,162
228,36923,89,11,136
229,6713,80,73,166
230,14216,82,67,186
231,29436,42,49,193
232,41133,70,93,84
233,16691,89,21,139
234,35020,61,61,91
235,39424,26,65,192
236,21583,60,74,139
237,41103,28,27,112
238,1402,67,41,193
239,13238,96,79,93
240,18947,41,65,75
241,30869,85,23,74
242,34729,70,78,134
243,7569,90,29,196
244,13942,35,11,158
245,14654,20,26,126
246,16997,62,23,148
247,41163,83,67,91
248,406,76,83,115
249,33886,49,25,188
250,29442,59,89,134
251,35232,59,50,51
252,10398,81,24,145
253,16726,36,78,110
254,15647,30,95,135
255,32197,71,8,132
256,18954,54,73,173
257,11748,89,22,130
258,14440,88,14,200
259,35042,25,31,185
260,3695,93,87,67
261,12422,45,6,180
262,29365,20,51,79
263,4242,61,65,125
264,40899,34,76,97
265,38264,64,69,155
266,4702,72,43,141
267,7237,47,57,188
268,35210,32,94,155
269,29149,21,14,180
270,29907,46,81,61
271,35966,57,59,103
272,6068,71,55,172
273,3182,84,90,156
274,981,50,69,70
275,25919,49,45,162
276,26527,72,23,96
277,23099,78,70,111
278,4440,81,39,98
279,13162,97,20,87
280,6205,35,35,98
281,25210,80,64,140
282,22864,73,77,151
283,17112,73,40,192
284,38950,90,6,98
285,39502,84,78,199
286,16255,34,43,66
287,37717,31,11,54
288,33792,75,84,164
289,16938,93,99,92
290,35461,61,77,63
291,17202,67,58,191
292,40781,91,48,192
293,16700,87,16,159
294,5599,26,7,183
295,14963,58,44,51
296,22531,66,14,144
297,16949,84,82,170
298,20458,55,45,192
299,18752,28,52,126
300,23688,91,97,102
301,29421,22,52,73
302,25291,66,43,117
303,21375,84,64,156
304,33928,52,82,133
305,12199,32,5,139
306,34764,82,21,176
307,2705,21,61,84
308,20047,81,76,51
309,33499,56,88,65
310,20190,56,51,174
311,8143,46,48,50
312,37360,72,95,155
313,28169,47,72,92
314,15655,28,54,108
315,2627,96,48,109
316,12576,62,26,134
317,2956,47,41,142
318,34735,33,15,140
319,6648,67,12,172
320,596,21,37,167
321,23435,98,10,146
322,33239,62,19,78
323,15526,95,25,162
324,12121,49,69,95
325,42139,79,87,63
326,15946,100,61,175
327,41236,28,15,57
328,1286,60,84,199
329,34382,65,28,172
330,34479,80,40,115
331,26684,93,21,115
332,6210,59,37,175
333,39264,96,81,164
334,23633,89,81,165
335,41653,72,23,142
336,40789,30,57,137
337,27501,76,71,93
338,7485,100,14,74
339,26001,59,86,133
340,41368,93,21,81
341,17243,33,55,70
342,29663,95,10,144
343,31789,79,77,115
344,7328,42,26,96
345,629,54,100,120
346,32916,33,73,144
347,36374,20,76,177
348,36986,41,24,138
349,10461,31,52,116
350,24456,24,93,193
351,37930,73,44,53
352,33202,20,81,157
353,12591,95,46,152
354,7901,32,67,75
355,8464,49,6,55
356,24775,51,21,195
357,15316,42,53,111
358,15762,36,73,99
359,18308,32,79,144
360,23748,74,59,115
361,31519,92,60,181
362,26258,69,15,148
363,14316,80,95,120
364,9122,91,40,118
365,7301,51,10,78
366,31909,80,56,164
367,33096,37,42,196
368,33044,78,82,127
369,9104,24,95,100
370,6990,92,24,109
371,35681,76,57,141
372,9125,35,89,66
373,24246,99,80,130
374,18555,97,33,187
375,4065,72,44,76
376,24668,49,90,187
377,36652,44,65,186
378,35658,22,79,92
379,40302,57,62,170
380,7121,23,99,76
381,10303,26,30,101
382,28169,69,23,173
383,41314,27,33,144
384,39037,65,57,118
385,24546,23,50,68
386,28808,41,66,136
387,25443,72,92,181
388,21312,76,38,110
389,32194,92,53,125
390,31556,83,99,76
391,8504,34,98,177
392,4820,30,10,111
393,315,77,93,53
394,27684,92,49,80
395,40629,36,11,162
396,37993,67,38,111
397,1813,81,27,103
398,16472,33,57,112
399,8375,96,99,135
400,9728,82,28,133
401,33028,46,76,58
402,24621,64,79,124
403,32876,32,41,59
404,34133,84,65,150
405,6780,92,37,93
406,29483,36,33,64
407,34782,20,31,186
408,9329,80,23,135
409,41448,42,76,62
410,35595,20,81,60
411,40658,30,53,96
412,23402,86,65,177
413,19565,37,100,153
414,10282,58,7,84
415,20505,64,94,106
416,36921,90,84,92
417,6956,29,41,53
418,39884,44,57,77
419,36239,62,13,75
420,29582,25,74,95
421,2318,21,70,157
422,8046,56,6,179
423,13176,63,63,155
424,6510,47,71,76
425,12288,78,97,56
426,23458,79,28,123
427,22764,82,33,191
428,28704,90,63,68
429,26535,59,20,139
430,26345,63,42,65
431,8651,72,40,169
432,31066,53,79,75
433,34068,98,23,139
434,23539,51,38,184
435,38066,56,15,153
436,17702,28,72,111
437,21114,22,58,76
438,12942,72,34,120
439,11001,82,57,135
440,23974,48,33,92
441,14382,69,48,78
442,16961,23,33,182
443,1998,85,96,90
444,15903,95,9,112
445,21420,91,92,65
446,18976,63,36,54
447,34071,98,61,114
448,811,29,10,155
449,32556,55,55,159
450,16825,88,44,163
451,15208,42,46,113
452,5946,48,40,185
453,25527,53,100,69
454,41967,48,17,138
455,23760,83,27,54
456,41083,100,58,190
457,18953,83,51,70
458,9779,47,98,95
459,33162,30,24,110
460,37845,43,22,61
461,30387,38,10,182
462,41304,99,31,177
463,29471,27,71,106
464,5005,26,67,57
465,5198,36,88,108
466,4255,93,45,184
467,2723,46,96,89
468,8235,70,8,137
469,11,53,9,62
470,3272,30,33,179
471,35234,48,21,69
472,9248,46,87,110
473,19014,22,8,78
474,32942,51,39,97
475,23094,82,38,143
476,17790,82,54,144
477,27079,63,66,200
478,40713,76,73,81
479,29463,25,65,159
480,23383,73,34,102
481,33084,32,58,171
482,20735,58,11,74
483,7810,90,95,81
484,30021,75,47,165
485,7641,37,96,50
486,10636,100,34,163
487,32015,27,51,123
488,39487,51,46,74
489,35593,63,12,75
490,16265,74,65,196
491,15209,88,30,69
492,11881,97,34,55
493,23254,61,70,90
494,6773,49,63,62
495,41032,83,12,113
496,4995,75,17,118
497,2977,26,11,187
498,5739,24,9,53
499,38904,82,50,197
