0,33917,80,73,187
1,26644,82,80,188
2,28905,71,64,133
3,41700,31,5,161
4,2705,90,100,129
5,31797,55,93,107
6,9164,51,27,135
7,24552,36,100,107
8,13390,68,86,186
9,34048,72,14,139
10,40945,93,94,158
11,26736,27,95,97
12,11039,95,89,159
13,25942,81,58,98
14,16932,56,61,120
15,6488,76,38,123
16,36624,61,91,182
17,16262,53,84,91
18,2282,60,46,75
19,551,53,20,91
20,26867,86,30,190
21,11446,39,18,146
22,38430,88,32,102
23,32588,51,53,58
24,15349,27,84,114
25,15452,94,6,130
26,3945,69,15,132
27,12471,70,55,110
28,20614,55,59,110
29,25745,89,41,62
30,33414,49,62,94
31,10117,89,8,193
32,502,27,71,159
33,33761,35,25,149
34,38422,46,75,183
35,2388,62,98,75
36,33747,66,37,129
37,31060,50,90,154
38,40652,98,9,85
39,8443,74,34,67
40,8700,64,14,65
41,21553,54,91,188
42,11375,81,93,167
43,8725,52,64,189
44,35041,57,78,174
45,974,55,40,85
46,21887,95,9,139
47,2204,57,34,95
48,1098,33,41,86
49,25477,66,31,80
50,18083,25,71,130
51,36176,76,71,170
52,24882,91,88,115
53,706,38,27,109
54,25990,58,8,55
55,20149,27,31,54
56,16176,79,74,196
57,6666,49,43,103
58,19989,49,73,157
59,22235,65,32,131
60,30637,58,31,135
61,5416,35,92,98
62,12504,25,18,78
63,28758,96,69,55
64,10493,57,71,53
65,542,85,13,163
66,40512,23,25,77
67,37615,74,77,50
68,19021,42,50,52
69,15195,57,33,90
70,37956,55,61,112
71,11019,94,93,148
72,18342,60,77,188
73,19444,52,7,141
74,11882,55,68,83
75,24438,90,34,141
76,8523,98,41,93
77,7142,61,57,142
78,21141,92,55,187
79,28262,85,29,119
80,15805,91,24,105
81,12095,44,14,195
82,9865,53,10,101
83,7266,32,77,119
84,15723,90,23,65
85,29540,39,13,63
86,34647,70,33,173
87,31414,43,90,145
88,21710,98,46,94
89,39007,55,34,77
90,19262,67,99,193
91,27510,57,86,188
92,15607,100,74,57
93,36521,78,100,51
94,2780,48,64,198
95,40979,81,26,188
96,24801,95,83,126
97,30161,70,42,85
98,16054,78,54,117
99,21786,69,30,193
100,18167,24,69,118
101,7409,30,76,86
102,27956,23,65,73
103,17124,26,11,69
104,10609,79,8,57
105,30333,44,68,119
106,9452,22,97,116
107,33783,68,86,75
108,4567,41,29,94
109,31602,27,87,164
110,21440,50,13,148
111,4,67,59,197
112,9706,20,51,132
113,9488,78,81,168
114,31468,32,22,64
115,13481,70,37,89
116,9271,23,41,96
117,28200,46,80,196
118,9970,85,26,71
119,10242,73,53,80
120,24123,87,9,72
121,13305,50,35,118
122,14306,89,25,140
123,24859,78,13,63
124,7633,85,24,84
125,6961,60,97,118
126,34082,90,54,92
127,37377,79,46,87
128,28824,82,17,113
129,26193,41,21,137
130,31507,59,71,185
131,12923,31,24,172
132,35244,68,88,101
133,14683,72,56,95
134,5762,64,72,164
135,16892,24,42,88
136,36656,25,6,109
137,17524,91,11,132
138,6457,22,15,114
139,23196,29,98,72
140,15675,73,46,57
141,40186,88,60,110
142,6835,53,81,163
143,26212,39,27,175
144,17388,74,79,174
145,38383,47,88,93
146,33167,63,78,189
147,17482,63,88,79
148,36968,28,90,64
149,7953,79,38,141
150,32458,73,9,55
151,29881,63,79,125
152,16734,21,35,127
153,22974,78,51,193
154,23451,97,80,83
155,2229,52,42,139
156,40337,85,58,168
157,28708,24,80,54
158,34295,91,63,166
159,37148,66,53,139
160,20934,79,50,169
161,19621,48,91,162
162,30730,31,13,166
163,27615,99,86,196
164,19342,64,86,101
165,27116,25,69,88
166,37028,82,8,169
167,2985,20,31,69
168,37700,70,40,179
169,28745,37,18,67
170,38987,69,23,53
171,42057,97,71,86
172,30644,76,12,59
173,22131,27,41,172
174,22030,28,90,155
175,33134,48,46,108
176,1343,41,49,90
177,17210,71,43,87
178,35219,42,37,152
179,15503,44,56,97
180,26451,91,57,98
181,23963,100,92,111
182,34991,58,19,86
183,28237,96,61,128
184,8316,63,21,166
185,27804,21,20,95
186,14118,70,57,192
187,5794,48,28,94
188,17669,58,83,52
189,41856,66,73,52
190,37782,90,25,153
191,12336,32,91,73
192,41016,49,94,160
193,15519,67,53,159
194,37288,52,7,116
195,16739,67,61,158
196,21512,21,74,136
197,14348,44,21,164
198,31405,28,87,177
199,37696,40,68,115
