0,81,61,65,82
1,29635,80,33,69
2,17970,55,38,139
3,18941,65,25,112
4,36419,64,85,139
5,11499,23,44,192
6,37222,88,100,141
7,29825,70,15,193
8,34687,62,54,193
9,26995,65,96,122
10,10165,100,84,142
11,40119,22,87,132
12,6782,77,41,53
13,30208,66,96,95
14,13839,83,61,197
15,29061,20,19,161
16,30091,27,23,139
17,26807,56,72,131
18,14380,61,90,160
19,21526,51,44,151
20,37096,75,42,147
21,39919,83,55,138
22,35623,65,14,63
23,32824,30,53,183
24,18011,78,67,160
25,25151,96,93,116
26,35709,80,43,70
27,15759,38,69,69
28,30819,100,38,169
29,41019,33,35,122
30,2973,84,72,114
31,17812,86,86,134
32,4196,69,52,73
33,20371,67,80,108
34,34061,60,45,197
35,39770,24,86,182
36,41345,57,43,57
37,8928,43,43,59
38,5680,20,78,111
39,14358,70,28,188
40,12123,78,72,95
41,5648,59,42,90
42,23391,38,27,192
43,34205,78,38,141
44,8224,89,38,134
45,10941,97,89,163
46,25079,79,34,149
47,22468,88,84,193
48,37575,90,79,137
49,4474,59,25,121
50,38816,32,89,161
51,18068,98,34,79
52,33120,25,50,124
53,27461,62,87,60
54,30140,62,69,64
55,15896,22,82,180
56,40008,45,72,116
57,41625,54,19,63
58,33056,24,9,200
59,35068,59,93,182
60,12686,95,9,131
61,30148,59,41,186
62,39488,45,50,162
63,4024,52,86,142
64,32582,45,56,107
65,19577,27,58,51
66,13707,23,100,127
67,3578,78,72,178
68,1598,84,91,60
69,21433,92,44,171
70,9517,42,32,118
71,13149,59,56,175
72,17363,43,65,104
73,2815,50,18,183
74,30024,74,50,149
75,23378,84,91,148
76,31262,54,15,168
77,6702,51,37,177
78,28898,27,44,95
79,41577,90,52,177
80,33208,43,41,139
81,5339,100,69,179
82,23269,30,90,181
83,4770,45,84,198
84,1213,70,35,156
85,13581,53,35,164
86,35406,54,49,108
87,31299,38,13,136
88,13393,49,59,119
89,1598,65,12,104
90,35345,36,32,178
91,11135,57,77,83
92,5789,49,11,136
93,5483,92,14,83
94,32209,24,68,163
95,3576,99,29,171
96,31999,29,35,155
97,35963,39,85,122
98,9256,93,76,163
99,42060,74,35,73
100,24864,83,6,180
101,39705,32,78,107
102,4657,65,93,67
103,37441,78,93,197
104,2868,63,63,94
105,608,52,25,88
106,13917,84,11,168
107,23708,92,83,121
108,30226,81,90,168
109,1132,40,43,55
110,11282,75,12,89
111,27001,66,93,155
112,15627,25,36,145
113,11595,63,15,158
114,31123,95,72,131
115,31250,55,48,103
116,4001,26,29,102
117,32998,65,30,146
118,36958,60,36,90
119,40913,25,37,103
120,8143,50,75,83
121,28911,32,30,156
122,40795,23,82,55
123,5700,37,22,142
124,33514,72,77,123
125,41840,50,56,199
126,16025,22,14,80
127,27564,97,50,167
128,13844,68,81,127
129,23282,59,6,55
130,30427,80,62,186
131,19246,50,92,147
132,11770,50,51,159
133,40864,93,71,130
134,37613,48,83,88
135,8879,91,70,167
136,29578,74,66,85
137,39614,29,24,50
138,13826,53,15,163
139,26586,78,50,89
140,37354,72,38,168
141,22174,62,32,149
142,22654,22,52,92
143,39784,42,53,140
144,1079,96,8,96
145,12854,20,52,186
146,38233,48,70,72
147,19035,57,83,173
148,13514,59,32,133
149,32372,88,28,198
150,29843,37,87,54
151,34476,89,32,108
152,2637,57,38,124
153,19604,65,69,124
154,35047,75,41,157
155,15644,58,55,84
156,16143,41,55,157
157,9932,68,52,190
158,10475,47,74,177
159,36114,59,48,90
160,40005,95,73,125
161,26534,90,5,182
162,20570,93,71,162
163,38199,46,67,119
164,37708,69,6,101
165,25026,36,63,179
166,5172,33,75,57
167,20035,36,21,59
168,29248,93,86,187
169,9015,84,9,72
170,36195,28,85,56
171,41412,50,56,80
172,9320,60,26,139
173,38621,38,59,157
174,29243,93,100,64
175,15413,76,89,86
176,28425,35,96,120
177,22033,80,24,156
178,20869,25,62,180
179,26285,64,14,133
180,36922,43,72,120
181,29864,56,81,137
182,18121,77,98,160
183,8714,76,68,64
184,2616,68,54,169
185,3565,73,60,58
186,5021,97,98,99
187,20205,75,5,107
188,10990,40,63,131
189,14771,51,95,153
190,12499,56,64,71
191,31560,88,24,81
192,24261,46,14,156
193,23603,68,42,76
194,31831,43,42,96
195,3384,21,79,142
196,28850,35,51,140
197,6652,28,45,120
198,25482,35,83,194
199,20700,65,88,155
200,34438,98,23,163
201,12041,86,47,183
202,35055,70,56,170
203,38258,94,36,153
204,33375,57,5,197
205,24500,61,46,136
206,29231,22,49,68
207,2501,33,65,200
208,38348,90,41,94
209,24093,91,40,160
210,34425,64,5,111
211,17177,94,69,175
212,24399,58,89,159
213,40750,49,27,147
214,40116,42,45,81
215,22780,81,48,81
216,3343,28,36,60
217,14486,29,46,197
218,33033,67,83,194
219,2809,62,41,130
220,15301,78,93,77
221,3171,41,53,178
222,13249,36,62,71
223,34367,46,96,54
224,16136,57,75,69
225,2241,45,50,176
226,855,95,56,149
227,41119,25,94,197
228,27176,41,91,155
229,12730,47,100,81
230,37784,54,36,113
231,29479,82,72,67
232,25021,24,72,146
233,4852,61,78,105
234,1805,96,76,167
235,40758,24,49,153
236,25543,27,17,84
237,1240,81,20,176
238,20820,82,54,103
239,13713,29,9,106
240,20293,49,41,132
241,32457,46,75,198
242,30497,81,29,107
243,17943,66,15,156
244,26248,77,43,69
245,11253,54,100,115
246,11337,53,18,117
247,29196,30,40,158
248,40631,82,57,56
249,15719,33,10,159
250,22535,95,45,66
251,31043,47,37,164
252,10927,91,92,64
253,16370,83,77,194
254,39582,65,48,146
255,17307,58,80,137
256,8996,75,50,125
257,22673,49,80,126
258,40642,42,68,81
259,3450,54,28,191
260,13087,68,63,166
261,7065,93,81,70
262,21660,58,75,187
263,28605,77,43,122
264,34240,56,32,129
265,33032,54,53,71
266,41367,35,94,132
267,16431,52,21,88
268,12871,95,15,86
269,29774,36,20,174
270,7085,79,50,120
271,29839,21,85,152
272,28048,57,67,64
273,37591,54,24,68
274,5895,30,37,178
275,20504,32,31,176
276,15036,85,52,140
277,15563,27,35,156
278,35158,31,27,64
279,13107,84,97,145
280,1235,64,55,190
281,16246,77,42,52
282,32555,71,98,200
283,24203,48,28,99
284,21524,71,49,139
285,34813,54,35,70
286,21958,25,19,127
287,33070,83,77,158
288,13804,42,36,96
289,39663,51,83,94
290,20784,70,56,117
291,15164,80,41,193
292,20123,35,56,180
293,4801,86,47,186
294,13870,21,66,136
295,32637,23,89,158
296,32356,99,71,134
297,351,20,11,65
298,26806,95,75,169
299,18581,45,73,158
300,15159,58,40,113
301,31895,60,62,59
302,11241,39,98,53
303,9655,42,82,60
304,3898,49,28,131
305,23505,63,47,174
306,15810,32,49,99
307,18248,77,42,57
308,39746,79,24,164
309,4914,62,24,148
310,38747,65,86,146
311,26841,34,42,195
312,5472,25,42,167
313,3876,75,8,193
314,14914,87,58,134
315,12755,42,58,77
316,41616,55,20,160
317,40246,67,81,151
318,2847,51,98,157
319,14340,99,38,66
320,36097,64,62,120
321,22223,40,50,177
322,27233,92,38,125
323,32835,53,47,71
324,3503,70,70,145
325,38960,79,81,93
326,29890,89,79,103
327,23558,43,93,145
328,8014,87,92,149
329,41259,63,13,200
330,9085,47,10,62
331,24255,37,73,164
332,2316,72,68,78
333,22085,76,74,66
334,21751,27,40,123
335,39441,30,56,171
336,18138,93,59,130
337,12104,78,93,179
338,34654,83,84,145
339,25645,96,44,85
340,2217,79,81,140
341,8619,51,33,72
342,29291,39,65,100
343,6181,100,92,136
344,28552,52,37,60
345,2402,84,22,135
346,2202,64,22,55
347,130,32,64,96
348,41786,54,81,145
349,24457,36,58,68
350,35760,92,56,170
351,37950,72,45,147
352,1990,20,89,65
353,36206,95,19,81
354,41933,75,20,98
355,20209,25,69,182
356,10198,77,68,109
357,17079,31,48,174
358,22552,56,90,185
359,32799,35,51,174
360,6358,30,61,150
361,7790,51,73,189
362,36600,100,33,137
363,7803,38,18,139
364,15169,26,39,174
365,17379,44,6,169
366,18628,28,69,50
367,18528,20,95,193
368,33742,51,49,200
369,41224,66,99,93
370,35675,67,96,180
371,3941,99,57,130
372,33645,55,42,50
373,33861,46,23,104
374,22867,25,75,163
375,38428,68,10,55
376,10441,75,23,79
377,32467,33,40,131
378,38189,73,34,115
379,31004,22,12,160
380,9955,55,93,83
381,36115,95,88,158
382,9662,33,19,144
383,35791,99,51,200
384,22337,58,41,82
385,8340,20,21,116
386,5556,61,31,142
387,14579,30,85,106
388,34324,31,28,106
389,8509,96,30,50
390,34659,40,73,54
391,7309,31,79,84
392,20151,63,10,52
393,41702,78,48,198
394,21015,72,94,83
395,11256,92,46,69
396,23787,79,96,135
397,38130,61,64,88
398,26388,91,94,118
399,9524,75,97,93
