0,60,62,76,182
1,85116,89,66,152
2,48,90,25,62
3,8437,40,56,167
4,616,75,68,173
5,3455952,65,76,119
6,3594,54,46,105
7,82372,57,13,133
8,37721,49,28,63
9,12862,29,83,174
10,8414,83,16,125
11,1,80,89,88
12,8297,57,15,97
13,101808,46,72,54
14,2,53,90,56
15,6610,31,5,178
16,56,67,36,119
17,112,89,45,74
18,1818,88,13,193
19,49,36,30,111
20,84068,86,28,78
21,17695,95,49,125
22,16,66,73,69
23,18675,37,21,73
24,4093,73,61,65
25,35848,82,28,111
26,14,40,19,155
27,85372,57,74,109
28,14781,77,39,139
29,48,50,88,72
30,30,93,13,141
31,256,38,90,146
32,32,73,77,103
33,5562,83,77,110
34,39680,38,59,167
35,60,47,79,162
36,6368,25,85,166
37,36,31,86,180
38,837222,67,29,146
39,3002,20,22,131
40,1552776,53,31,122
41,6000,47,51,180
42,1140,52,91,108
43,56288,94,40,186
44,61,96,57,63
45,11078,28,10,90
46,21262,36,77,56
47,368,86,83,53
48,11264,89,84,57
49,46812,28,23,154
50,28269,66,100,114
51,88,70,35,177
52,36531,88,34,74
53,6644,69,24,76
54,42052,69,64,187
55,6638,70,8,84
56,1846,66,23,106
57,249488,65,60,125
58,259215,29,94,56
59,342,41,63,84
60,5497,51,5,197
61,127648,69,37,192
62,14035,63,33,184
63,8,67,33,174
64,633,56,7,86
65,6180,64,26,187
66,156,99,30,174
67,2040,95,24,76
68,7872,31,15,58
69,172907,28,34,86
70,866688,89,50,172
71,19,69,99,103
72,21234,57,42,129
73,18,87,98,193
74,11,77,38,77
75,86380,82,38,130
76,11691,51,18,70
77,75952,38,49,147
78,28,71,96,68
79,2,38,64,129
80,673,100,62,83
81,84,80,10,162
82,175395,91,55,71
83,5693,45,71,138
84,89292,74,14,60
85,274744,96,91,182
86,172,60,60,168
87,4096,89,47,63
88,35237,85,62,76
89,21275,54,93,51
90,82616,100,58,139
91,3307,73,86,97
92,558288,41,88,172
93,6853,74,55,50
94,32,37,80,119
95,1751,86,70,66
96,6658,26,18,174
97,24049,20,42,174
98,39462,31,79,128
99,8496,89,37,194
100,6687,57,31,124
101,160,84,81,189
102,32,96,92,153
103,4554,88,58,124
104,12,26,51,128
105,970,88,11,192
106,6,77,46,82
107,5720,67,13,59
108,78528,59,97,148
109,3,35,73,143
110,180200,64,61,178
111,52,46,66,181
112,450,26,28,179
113,243,61,100,65
114,976,99,30,53
115,231152,59,67,103
116,41994,84,99,157
117,1536,62,54,52
118,10893,59,24,133
119,576154,66,32,117
120,14068,58,59,108
121,83744,26,82,57
122,15806,82,14,143
123,6284,70,87,61
124,85232,80,71,166
125,1,93,78,183
126,85200,68,30,170
127,6626,48,49,76
128,14098,79,71,159
129,120,47,31,91
130,5766,50,71,55
131,21292,87,19,190
132,21284,69,85,171
133,976,48,20,181
134,42090,77,81,138
135,82399,68,73,130
136,12623,26,47,120
137,36,75,99,78
138,12622,71,63,101
139,7538,56,68,116
140,7280,88,8,68
141,8338,71,9,129
142,42094,31,46,92
143,44,93,23,111
144,85216,22,98,160
145,34392,73,26,155
146,5518,94,68,115
147,11138,85,64,154
148,632,74,37,105
149,34997,63,51,133
150,6729,21,79,75
151,42094,81,29,98
152,3299,29,53,155
153,324174,21,40,73
154,1860,61,6,117
155,244,27,37,172
156,10520,25,77,65
157,4362,24,57,81
158,80,72,59,76
159,21,57,56,190
160,244,77,96,127
161,42020,60,39,68
162,1040,33,72,117
163,64,36,17,127
164,2,87,43,62
165,864980,85,86,82
166,6327,47,65,165
167,6618,60,72,79
168,28,97,40,89
169,10461,97,74,164
170,85124,83,31,164
171,7137,82,34,181
172,320,37,38,100
173,1875,53,74,152
174,936,68,37,88
175,37812,90,18,150
176,691380,76,24,126
177,160,80,58,77
178,677088,93,79,109
179,335,93,11,128
180,320,75,48,90
181,2368,67,79,187
182,2478,74,25,97
183,28,67,15,151
184,30767,48,93,79
185,84000,31,99,94
186,41952,67,29,67
187,6660,85,70,153
188,928,23,76,88
189,11184,32,99,117
190,18,41,54,130
191,2700,75,96,110
192,6848,92,68,144
193,5831,23,84,73
194,122,31,37,141
195,144,36,54,99
196,9658,77,66,150
197,6652,94,42,190
198,1720,100,34,70
199,2,24,94,135
