0,719896,22,61,148
1,21292,22,17,185
2,3590,80,96,183
3,1072000,28,54,164
4,48,75,90,104
5,2604,97,71,85
6,1984,77,9,168
7,36090,30,49,178
8,3804,70,87,98
9,842,63,16,109
10,3141,21,96,50
11,151242,71,21,196
12,12217,46,82,77
13,13791,83,13,99
14,12433,100,12,112
15,896,56,98,170
16,5648,86,49,155
17,14047,90,18,66
18,37328,78,52,51
19,86,54,16,182
20,281,42,12,70
21,35120,98,57,90
22,6614,20,90,155
23,1494,90,67,64
24,29051,74,19,101
25,500,83,61,130
26,36,26,34,166
27,244,42,47,168
28,85232,90,65,170
29,18,30,65,68
30,893,70,85,86
31,12929,54,18,99
32,84244,53,100,125
33,54940,67,17,161
34,12822,98,86,88
35,288,63,71,100
36,64961,60,50,62
37,10819,45,81,57
38,408,88,11,51
39,112,34,35,181
40,311976,33,32,151
41,6867,76,74,78
42,252,75,33,127
43,21310,47,68,93
44,72,60,45,154
45,376,72,33,105
46,133263,66,48,141
47,8810,32,95,175
48,50796,96,84,72
49,7584,21,98,58
50,17700,93,46,155
51,512,24,51,60
52,432852,86,59,55
53,104384,70,75,112
54,75144,92,24,186
55,11752,27,44,86
56,1,79,81,114
57,31608,94,73,192
58,5734,100,77,116
59,8856,42,46,158
60,14049,23,22,187
61,6896,95,73,95
62,5818,81,44,183
63,78793,67,28,67
64,105170,51,77,132
65,1896,49,79,121
66,538,34,54,198
67,220,22,87,57
68,85248,58,35,110
69,9576,66,32,100
70,11453,53,18,82
71,8,59,91,171
72,80,40,12,66
73,3024500,71,35,121
74,6168,100,24,106
75,5533,91,25,124
76,304,72,34,115
77,4,74,79,58
78,10893,76,32,84
79,32700,38,48,149
80,2088,59,42,157
81,30544,31,10,53
82,5676,38,24,132
83,440,59,81,83
84,21301,33,30,63
85,136412,34,23,137
86,13554,51,69,80
87,16,60,49,124
88,244,20,24,100
89,726886,22,19,138
90,30,77,98,74
91,1714,52,36,56
92,808,52,34,142
93,31,89,99,69
94,672,98,77,110
95,6652,81,48,163
96,1032,33,46,65
97,29,35,30,106
98,488,99,20,171
99,36488,50,50,126
100,16,46,15,131
101,26654,69,70,191
102,48216,44,62,54
103,192,77,78,187
104,4288,62,53,92
105,712,25,39,50
106,3244,76,93,169
107,6660,54,25,63
108,10,47,98,188
109,37559,69,45,94
110,652632,72,36,73
111,36,45,67,81
112,76,37,84,76
113,63,51,57,107
114,11690,23,36,85
115,96,98,70,193
116,504,28,88,176
117,61560,60,86,196
118,488,79,47,167
119,11494,52,87,117
120,42044,68,83,194
121,1170,90,14,98
122,800,65,93,156
123,276220,40,50,137
124,82496,42,23,72
125,2110,66,66,185
126,244,76,76,151
127,12,45,22,138
128,3028,39,21,147
129,12416,63,22,50
130,21304,76,57,123
131,257746,59,78,135
132,16,37,80,176
133,34,20,7,63
134,21262,62,70,126
135,6560,94,28,142
136,43286,23,95,73
137,12838,65,66,172
138,172,68,82,111
139,39059,49,30,173
140,74,20,92,103
141,496,30,62,82
142,386,28,5,116
143,108960,26,86,98
144,677344,25,31,186
145,88,51,13,197
146,291591,83,22,107
147,142824,68,81,193
148,1076,95,35,69
149,6865,53,90,148
150,2144,44,13,91
151,5692,29,84,196
152,66639,69,87,173
153,6976,81,44,177
154,4680,60,18,142
155,11560,36,34,56
156,93,59,69,168
157,937908,92,84,124
158,232676,44,71,88
159,3607,87,50,171
160,50,73,31,123
161,492,21,64,168
162,99,61,87,143
163,12180,93,15,187
164,8,56,33,166
165,7,72,54,149
166,19348,77,58,99
167,112,61,86,112
168,18,32,39,102
169,12,27,88,106
170,625,76,12,102
171,713106,47,82,135
172,44820,64,15,120
173,1575840,77,30,121
174,687,37,5,58
175,5000,78,40,180
176,488,89,7,178
177,138,63,98,102
178,7,32,58,54
179,122,61,64,120
180,12,61,44,179
181,104298,57,75,70
182,113,41,44,133
183,459,50,16,96
184,6997,73,46,172
185,2153,33,84,149
186,72,25,64,114
187,864052,40,10,76
188,6594,80,34,137
189,8245,71,57,187
190,25640,72,27,172
191,4,45,59,128
192,3,67,46,75
193,8,44,28,196
194,8936,34,79,197
195,1799,92,68,176
196,40,63,42,200
197,1843920,39,40,51
198,3044,35,97,62
199,736,33,11,96
200,1152576,47,82,143
201,3552,51,84,91
202,48,34,16,111
203,137528,20,7,200
204,21,71,54,140
205,15651,30,79,128
206,21314,30,74,129
207,5738,29,40,155
208,9781,39,83,133
209,4498,34,9,61
210,2565,92,88,59
211,5817,23,100,85
212,12635,88,60,85
213,5756,90,17,130
214,16,73,54,66
215,6332,69,72,125
216,3748,89,20,54
217,41954,58,84,115
218,36,29,85,86
219,12616,78,70,60
220,1538,33,96,59
221,372920,67,63,136
222,3,68,28,76
223,762,68,26,188
224,4,81,75,82
225,1384288,25,37,97
226,19043,55,61,116
227,32038,54,81,174
228,7834,81,13,91
229,172812,46,6,143
230,335,54,99,146
231,2,40,75,95
232,6271,51,33,120
233,120,54,39,156
234,629,62,33,139
235,6572,48,53,120
236,1,69,81,149
237,1515,23,64,121
238,916056,91,48,57
239,787,38,56,177
240,10833,43,31,175
241,34,40,43,191
242,80,47,90,52
243,61,98,57,115
244,44,81,79,120
245,86,25,5,125
246,632,94,11,55
247,40,22,33,128
248,396,44,41,188
249,120,75,29,118
250,84148,36,56,153
251,12913,29,36,168
252,968,42,67,85
253,35529,25,75,113
254,19,75,65,101
255,11634,20,55,178
256,12436,62,53,170
257,1445,63,100,55
258,28,94,66,177
259,64,82,94,69
260,320,74,75,106
261,1068,85,69,148
262,280,88,68,51
263,33888,78,37,115
264,10497,96,39,50
265,181701,21,89,193
266,8,61,96,191
267,3808,43,62,148
268,37876,58,5,149
269,12,33,81,133
270,4513,91,35,71
271,7003,39,35,83
272,5623,86,33,85
273,4930,62,87,162
274,6978,99,31,95
275,12136,79,55,102
276,18,24,61,195
277,3375,51,33,91
278,14090,91,97,172
279,676,74,91,73
280,144,100,44,138
281,924,59,52,148
282,60557,52,58,127
283,12045,100,71,85
284,2273,82,61,65
285,640,100,55,57
286,128,88,89,166
287,518592,39,31,151
288,1780,29,71,68
289,10577,57,87,91
290,109044,58,10,86
291,24,99,31,133
292,6860,71,44,125
293,16,91,35,188
294,983,28,42,83
295,357,80,61,106
296,128,97,76,141
297,75295,92,39,88
298,208,98,84,82
299,2810,90,17,185
300,232,100,27,177
301,85176,44,28,151
302,37125,80,91,101
303,10492,95,13,165
304,39764,41,35,116
305,69616,56,52,185
306,12604,48,100,61
307,5346,29,46,154
308,40560,98,90,74
309,2570,51,53,126
310,22050,63,71,99
311,1519,24,59,140
312,1376,28,82,53
313,135,91,27,138
314,37196,81,81,102
315,608,87,19,178
316,1382488,98,52,60
317,4,72,13,107
318,6734,41,35,137
319,72029,100,77,81
320,1837,55,52,106
321,37491,32,45,156
322,245,53,88,174
323,5992,28,51,199
324,2032,98,56,122
325,22799,74,100,173
326,63520,92,71,175
327,1818,25,35,72
328,271,36,8,53
329,4146816,93,91,175
330,12572,55,80,68
331,21307,55,7,90
332,38522,73,63,199
333,608,55,83,70
334,251784,56,33,51
335,26226,53,62,109
336,21261,34,91,57
337,36,93,25,93
338,244,82,82,158
339,1656,38,57,135
340,80,88,70,187
341,6620,66,86,127
342,10815,29,65,180
343,21304,29,41,162
344,320,45,76,50
345,85340,83,56,132
346,3,32,78,131
347,12,58,73,163
348,15885,22,6,186
349,316,82,23,198
350,3924,80,64,180
351,16,90,96,152
352,182618,62,69,193
353,11158,65,91,117
354,4968,92,58,170
355,33943,67,12,84
356,6350,42,27,177
357,32,90,26,168
358,6654,46,97,81
359,448,77,13,185
360,272,22,97,102
361,4141,20,97,106
362,174,48,50,60
363,153816,80,49,157
364,1248,31,67,81
365,938,69,45,90
366,85188,71,54,126
367,1283776,63,60,117
368,368,98,72,107
369,3309,32,30,136
370,83880,73,78,59
371,3102,81,19,131
372,115734,32,61,125
373,21984,80,69,123
374,36635,98,21,101
375,11528,21,38,188
376,14061,54,26,159
377,6674,43,92,107
378,5736,89,6,188
379,12858,31,92,107
380,291547,37,14,166
381,800,80,29,188
382,2,26,46,77
383,371,52,98,146
384,60,57,10,143
385,392,89,28,135
386,288,76,36,65
387,21285,98,32,77
388,8584,40,63,181
389,32,65,24,199
390,6973,39,57,66
391,75666,68,75,156
392,5758,85,13,121
393,416,36,62,62
394,630,30,78,117
395,1460,90,82,139
396,962176,67,76,172
397,85316,27,47,187
398,86676,87,12,83
399,96037,36,39,148
400,160,70,13,155
401,1386,24,81,111
402,113206,53,50,120
403,2952,81,15,53
404,8,96,47,93
405,6570,90,25,122
406,64688,39,10,65
407,66,74,66,68
408,37659,63,57,137
409,264,22,14,73
410,240,99,73,135
411,3772,58,21,68
412,10423,50,7,66
413,11100,31,13,199
414,6666,79,65,195
415,54,83,37,159
416,1238,74,38,106
417,84196,77,92,174
418,44,69,99,72
419,12595,43,40,144
420,121,84,7,103
421,384,70,95,117
422,244,57,42,64
423,1,55,29,152
424,438390,34,59,92
425,170,87,57,128
426,1729232,52,18,158
427,5374,27,43,200
428,5708,66,31,145
429,87,89,6,143
430,704,61,94,85
431,3187,93,62,189
432,27808,83,59,175
433,22259,21,66,159
434,6584,85,45,96
435,28,56,73,179
436,9675,86,35,184
437,6800,34,90,143
438,64,23,53,160
439,11884,85,37,51
440,84116,47,31,104
441,27522,58,49,200
442,709520,35,11,181
443,51394,82,27,153
444,6,89,67,111
445,331822,79,33,50
446,3598,99,64,83
447,3160,66,61,128
448,31640,92,84,113
449,5742,86,20,197
450,4874,64,34,147
451,2,51,12,185
452,44140,37,29,56
453,1888,26,76,55
454,5107,41,77,139
455,6940,85,35,174
456,146,92,33,74
457,5568,65,43,125
458,2982,30,65,168
459,12968,54,98,197
460,12537,22,57,57
461,20,62,60,136
462,47972,89,90,160
463,42050,99,89,149
464,11776,62,65,94
465,6666,51,35,131
466,1038,77,58,89
467,21299,38,70,63
468,1,36,9,118
469,3264,98,6,72
470,4,73,84,98
471,384,49,99,163
472,3,52,94,136
473,3920,54,85,157
474,305,68,35,174
475,14119,96,45,194
476,35385,92,26,94
477,1537,76,89,137
478,864464,86,37,184
479,16,32,35,131
480,14100,48,86,139
481,8280,38,59,151
482,21287,69,76,198
483,348,57,60,150
484,1426,55,38,189
485,152,43,74,67
486,37465,20,100,170
487,6590,70,83,127
488,486650,97,81,165
489,4096,70,65,198
490,42030,91,62,93
491,37436,88,34,154
492,6592,58,23,70
493,7,86,81,111
494,6152,39,74,66
495,85048,69,32,109
496,12952,32,75,76
497,128,26,72,95
498,2,68,64,142
499,13076,20,78,93
