0,17216,27,15,151
1,5634,62,95,168
2,7699,36,36,148
3,21284,24,62,118
4,80,82,25,134
5,4,46,35,68
6,2129,26,94,120
7,148792,29,6,137
8,736,97,73,92
9,74,67,6,143
10,470,51,16,176
11,3480,73,80,57
12,113,73,6,197
13,333,67,82,192
14,35,94,33,60
15,4,52,70,62
16,6606,57,75,199
17,14705,29,27,56
18,6,75,94,145
19,60202,62,92,98
20,64090,44,48,133
21,14081,36,53,190
22,7000,39,62,64
23,6644,98,30,135
24,2,81,71,138
25,74,88,26,121
26,3157,76,27,68
27,395904,30,37,62
28,10509,37,97,155
29,16,65,56,99
30,17667,46,37,142
31,32,48,34,175
32,2593512,31,60,186
33,976,28,24,193
34,1213,43,10,173
35,77632,30,48,132
36,179,54,52,106
37,8,98,94,162
38,5778,84,83,169
39,1,58,45,183
40,595,53,60,186
41,85240,55,76,91
42,61,67,70,165
43,1633,52,48,167
44,79243,40,41,135
45,9000,24,40,57
46,1000,68,52,159
47,32,47,81,52
48,231152,66,14,146
49,1480,86,99,181
50,7349,79,98,100
51,460680,58,20,53
52,5497,46,12,59
53,37126,40,32,61
54,1789,61,5,196
55,68,96,28,73
56,3280,31,24,65
57,13453,34,8,107
58,423960,96,94,186
59,19510,84,12,164
60,5722,68,30,109
61,1066184,53,25,94
62,36075,20,81,166
63,111292,88,100,63
64,72,85,55,142
65,14072,43,85,64
66,2626696,100,36,152
67,11836,67,66,167
68,5718,93,37,113
69,3912,49,12,126
70,180410,76,63,126
71,44624,100,92,159
72,49979,25,12,191
73,96372,23,30,173
74,6668,96,18,106
75,12405,20,39,176
76,41798,82,77,159
77,1932,68,40,160
78,2951,55,35,179
79,2879488,97,28,60
80,1596,30,44,176
81,148,25,17,75
82,644,66,62,184
83,84120,38,81,151
84,11346,38,85,175
85,48,50,53,86
86,12937,29,68,100
87,1094960,54,85,173
88,2968,76,97,180
89,10079,49,56,150
90,10493,58,79,87
91,6704,82,10,93
92,8274,20,75,85
93,6578,46,91,50
94,2333,65,51,189
95,616,56,72,183
96,6026,88,9,90
97,40,35,25,149
98,72022,93,97,164
99,28,45,13,103
