0,562,70,69,60
1,6640,21,58,62
2,126,83,36,76
3,21289,51,31,131
4,38324,73,55,60
5,1194,57,48,99
6,68,40,9,116
7,224,78,41,81
8,84184,38,13,114
9,6,68,26,122
10,3076,94,93,144
11,5010,75,83,99
12,1382224,80,18,189
13,8586,80,73,72
14,6650,41,56,102
15,19379,51,73,56
16,14,27,97,121
17,19726,42,73,71
18,6024,81,33,131
19,16,54,63,139
20,12542,21,12,85
21,382816,47,69,69
22,12621,67,61,138
23,85256,63,27,185
24,340164,64,62,102
25,11600,40,15,156
26,3984,50,47,199
27,135,39,84,65
28,10,43,17,89
29,18276,89,5,174
30,6624,25,5,91
31,74,90,63,112
32,3161,83,39,105
33,12,50,15,70
34,118895,47,9,83
35,6987,90,99,107
36,5,93,41,168
37,933220,46,93,166
38,14496,90,64,96
39,79944,42,74,163
40,1144,93,17,83
41,1394,32,100,156
42,8,74,33,160
43,320,45,32,142
44,6552,31,96,179
45,85304,78,95,166
46,3111516,78,47,97
47,11409,66,16,127
48,1606,87,57,139
49,4035584,37,50,188
50,28072,74,17,144
51,296,27,99,112
52,5662,62,10,148
53,1,45,87,168
54,17703,75,65,115
55,1381920,98,84,196
56,23892,27,28,69
57,12006,91,75,86
58,12612,23,45,159
59,67869,62,100,70
60,738,56,38,119
61,223672,40,73,123
62,5870,82,36,196
63,37602,97,69,123
64,3,69,33,186
65,3168,74,59,82
66,44211,95,59,58
67,5590,90,20,158
68,520,61,53,75
69,8505,96,35,123
70,8448,64,28,184
71,1115928,66,60,82
72,2464,47,25,78
73,6606,99,24,65
74,11706,75,41,193
75,1169532,38,99,121
76,186144,50,27,77
77,3932,58,65,55
78,720024,87,58,62
79,2650,34,36,87
80,352,37,38,143
81,5984,70,51,147
82,23548,67,52,153
83,6565,73,32,67
84,131744,76,5,76
85,360,43,35,152
86,48516,52,74,186
87,4,30,49,108
88,13194,32,17,161
89,5138,25,15,110
90,61210,45,50,90
91,39920,60,29,166
92,620,31,51,89
93,1477,71,63,54
94,120,23,40,170
95,5700,61,20,71
96,2511,30,34,143
97,8,92,82,122
98,85140,94,95,91
99,6584,63,5,165
100,7200,96,75,144
101,6584,39,6,159
102,358592,67,89,53
103,1280,61,82,131
104,1184,54,41,163
105,4509,22,52,54
106,192,31,34,58
107,182304,80,88,122
108,1584648,100,99,171
109,144,77,56,87
110,61,96,98,55
111,1147,23,96,137
112,5888,69,91,162
113,8391,66,69,135
114,1841,22,78,72
115,122024,43,66,145
116,38550,41,64,105
117,529,86,16,96
118,32,31,58,83
119,40,38,21,145
120,36,80,38,74
121,720076,29,54,63
122,42192,50,6,125
123,11,79,64,65
124,85192,80,80,57
125,1142280,33,13,85
126,8667,49,58,77
127,14055,79,58,108
128,244,65,90,60
129,8365,94,12,162
130,12406,48,11,117
131,6614,30,30,194
132,38227,41,100,150
133,18659,86,45,101
134,691808,99,82,82
135,118,62,49,106
136,38858,25,24,87
137,6816,31,68,191
138,2079,79,12,68
139,21305,79,79,194
140,36,75,88,150
141,727278,22,74,98
142,5623,87,70,117
143,6670,74,75,184
144,9740,33,23,52
145,33782,90,13,177
146,9471,60,43,184
147,32,79,55,96
148,36797,69,93,189
149,14564,42,60,142
150,13196,64,16,145
151,22,77,63,94
152,128,70,75,128
153,660,87,39,74
154,15,70,97,77
155,19230,93,91,190
156,50480,25,42,115
157,504,65,81,93
158,85176,42,69,194
159,3086,90,11,113
160,2400,78,93,138
161,26516,72,15,193
162,112,40,75,183
163,460504,37,87,153
164,2626,71,36,176
165,479700,57,43,73
166,2676,42,73,73
167,540,23,83,71
168,176,34,21,80
169,56,49,63,116
170,67,88,92,197
171,21289,72,98,86
172,6250,100,26,66
173,9445,46,61,66
174,10280,99,85,116
175,183459,69,95,100
176,14,81,68,145
177,3,64,13,149
178,616644,82,77,123
179,864060,29,47,115
180,208270,93,63,61
181,4928,25,87,197
182,6562,59,50,152
183,47,29,87,58
184,32979,40,80,144
185,54,72,29,80
186,148,23,62,151
187,6630,38,83,149
188,384,67,66,172
189,6604,83,86,98
190,7072,59,49,139
191,6144,65,77,174
192,30030,49,5,95
193,321,37,45,183
194,12991,75,76,74
195,14139,86,46,113
196,243424,95,33,105
197,4,47,38,135
198,76468,31,74,152
199,6803,25,33,151
200,74,26,71,173
201,4802,90,6,180
202,2540,28,26,166
203,30,26,28,95
204,32,20,10,187
205,16,98,16,92
206,83821,20,75,63
207,21285,21,97,107
208,28825,89,75,117
209,124,46,26,190
210,8,30,68,178
211,102,27,59,60
212,57500,69,98,59
213,8,23,63,159
214,6570,60,35,73
215,6672,44,53,194
216,124,96,21,141
217,2457,62,67,135
218,129704,91,41,195
219,48,63,37,82
220,21286,66,21,176
221,519696,50,75,86
222,11,67,57,77
223,6912,33,42,181
224,20,59,83,114
225,248,51,57,100
226,231704,49,94,177
227,352,71,95,104
228,4,67,14,145
229,6558,83,41,109
230,109,85,19,141
231,32,62,42,108
232,85200,97,17,68
233,12658,26,39,71
234,14983,58,41,188
235,5734,69,57,95
236,28510,87,81,177
237,320,34,53,128
238,947,83,29,187
239,180008,76,39,98
240,317024,20,66,111
241,259512,99,60,171
242,2478,30,43,164
243,14056,65,8,151
244,12602,65,98,108
245,8196,71,35,200
246,865856,47,80,113
247,42052,79,96,51
248,3020,71,58,181
249,360,66,17,164
250,133040,68,88,123
251,79964,62,47,174
252,91424,24,73,145
253,928064,26,99,135
254,40,55,87,116
255,4,68,99,121
256,616,42,43,148
257,1030464,67,56,142
258,13,84,23,112
259,7,80,72,71
260,3832,46,40,113
261,28,83,6,52
262,53,92,93,86
263,27,52,33,119
264,84036,65,66,90
265,80,86,69,93
266,5041,73,82,54
267,9684,33,7,90
268,1,25,68,114
269,10488,37,48,131
270,12622,64,84,117
271,60,93,12,141
272,75352,37,16,176
273,326,45,29,146
274,88,47,86,180
275,59799,97,52,191
276,35087,77,74,66
277,3186,61,23,131
278,14143,95,21,163
279,32,59,97,59
280,6899,83,50,139
281,5503,29,35,179
282,38384,50,86,181
283,180,61,68,103
284,824,93,95,176
285,7565,100,59,123
286,11650,33,83,100
287,30127,33,26,150
288,56,91,10,148
289,32,31,81,101
290,14295,46,69,126
291,85216,28,82,112
292,12360,75,21,199
293,37346,72,5,80
294,544,40,44,173
295,6844,61,24,104
296,12617,33,63,161
297,18570,37,50,157
298,14648,90,30,132
299,76,97,94,195
300,352,43,92,95
301,85228,49,22,70
302,448,98,31,157
303,28945,22,31,58
304,1499,99,67,59
305,9884,21,100,140
306,547610,56,91,51
307,16,30,54,120
308,180190,44,54,54
309,20,61,58,59
310,1760,82,60,114
311,53,33,89,60
312,288,71,22,69
313,32,27,40,125
314,85974,75,72,51
315,6588,29,40,157
316,225,59,29,64
317,19232,82,90,197
318,6626,87,88,179
319,21296,80,54,172
320,75392,100,81,109
321,265,77,30,129
322,28,76,40,95
323,28,65,59,76
324,67794,66,28,155
325,48,87,10,181
326,630,72,8,180
327,2346,24,74,112
328,773,29,98,124
329,419808,57,63,191
330,38156,25,11,178
331,564,76,17,142
332,12479,59,37,146
333,1130,30,40,162
334,7568,95,9,176
335,37080,69,89,166
336,212,87,60,185
337,32,37,50,133
338,779675,24,71,124
339,16,75,95,113
340,122520,48,53,153
341,131925,46,12,51
342,37878,58,58,115
343,4,27,90,87
344,320,70,26,89
345,54558,82,85,156
346,40,76,25,168
347,1074,56,98,192
348,84076,47,83,162
349,6638,47,18,127
350,5016,66,21,118
351,619224,34,5,109
352,800,43,71,94
353,85148,100,96,67
354,2016,96,43,130
355,42086,23,99,65
356,9366,54,92,78
357,16,36,92,123
358,5472,67,89,188
359,13776,93,38,173
360,839,63,34,85
361,3576,59,41,136
362,917896,32,58,188
363,85024,72,49,173
364,152,42,5,98
365,76368,35,44,160
366,85056,99,86,173
367,22,96,25,191
368,149,41,98,139
369,5762,76,24,73
370,1,59,18,181
371,88,20,58,181
372,136830,44,16,50
373,298,65,8,74
374,56,35,96,185
375,12727,71,78,58
376,18348,68,67,176
377,7808,94,87,57
378,61,54,74,116
379,10272,94,47,137
380,6742,71,46,147
381,3245,38,15,122
382,52,59,26,79
383,21375,94,60,146
384,384,63,26,173
385,244,95,84,50
386,1136512,50,65,130
387,388104,50,10,163
388,68,20,22,164
389,6608,33,61,177
390,37672,40,76,58
391,138,34,54,97
392,5026,87,70,147
393,512,63,42,60
394,35842,69,5,86
395,37985,86,62,126
396,360379,34,19,196
397,224,55,37,181
398,2554,31,33,137
399,925,68,90,56
400,12912,55,29,72
401,24,34,96,100
402,771680,30,65,96
403,28856,88,12,105
404,340888,39,61,185
405,180987,61,21,55
406,256,96,91,151
407,9352,33,34,63
408,640624,22,85,88
409,104640,55,10,72
410,37458,94,37,187
411,132,33,91,192
412,27510,93,45,98
413,5891,84,25,163
414,288,38,37,200
415,12122,80,34,106
416,40,55,99,78
417,32,66,82,147
418,75610,39,78,190
419,40888,38,93,61
420,8,76,62,141
421,13927,96,71,133
422,17870,22,31,124
423,153,66,37,97
424,1134,39,30,150
425,7604,92,87,83
426,1152,96,70,69
427,32,59,29,145
428,9590,26,6,164
429,1027,68,78,66
430,3278,67,13,156
431,164496,62,68,116
432,8713,53,84,149
433,671,38,98,179
434,14059,91,97,102
435,1748,98,15,97
436,276,63,7,71
437,44842,44,37,198
438,250,36,39,99
439,4,74,83,191
440,48,28,68,147
441,536,93,33,122
442,1548,79,96,58
443,593296,22,8,146
444,42000,91,97,71
445,36322,100,75,130
446,384,41,32,196
447,408,93,31,189
448,12727,42,7,54
449,6704,84,38,52
450,108752,47,93,73
451,40,25,55,112
452,2268,69,59,62
453,1914,30,55,169
454,1606256,70,15,123
455,45068,70,5,85
456,3036,69,44,135
457,6223,44,70,74
458,1024,53,61,198
459,21274,34,26,137
460,166160,79,34,194
461,1,34,6,83
462,17723,66,63,63
463,12,23,43,81
464,288,95,98,179
465,17568,71,5,175
466,2997,57,75,190
467,400,69,41,108
468,30,27,85,89
469,6879,58,49,194
470,384,45,16,146
471,37693,80,55,151
472,42030,92,24,189
473,5563,98,50,78
474,48,48,91,167
475,6112,21,36,62
476,6668,78,61,116
477,436796,61,41,196
478,4041,23,34,83
479,7032,94,12,149
480,3814,80,97,68
481,11671,38,5,188
482,3253,48,12,72
483,1381328,69,88,69
484,632,90,29,179
485,939,47,42,172
486,132,85,28,71
487,86680,67,37,51
488,5698,94,31,81
489,2974,21,21,142
490,28800,69,50,131
491,38379,20,21,60
492,99472,56,34,183
493,4939,52,40,76
494,18813,87,95,131
495,13010,79,39,96
496,158,61,30,89
497,62599,27,66,193
498,504,83,52,61
499,12660,99,72,179
500,294620,32,42,80
501,21371,60,55,91
502,4,82,40,124
503,92892,51,27,65
504,40670,83,76,99
505,2,92,36,78
506,352,49,81,54
507,925,40,60,68
508,42010,54,71,73
509,4266,46,41,193
510,417432,87,42,71
511,32,99,16,137
512,625992,71,12,175
513,1768,59,14,143
514,18,83,58,131
515,12602,27,56,50
516,144299,78,56,149
517,2277,34,16,172
518,976,62,19,95
519,85192,100,10,149
520,250,39,66,107
521,64,90,62,126
522,650,66,10,118
523,16,71,48,70
524,1473,97,67,106
525,116784,84,49,145
526,6883,81,88,149
527,970,81,96,193
528,1866,49,80,175
529,10,92,97,180
530,2,94,60,197
531,1524,64,79,179
532,6,46,12,172
533,10794,52,77,98
534,16,58,86,52
535,199,89,26,121
536,106,87,79,53
537,32032,21,26,73
538,558,50,85,195
539,21307,49,92,95
540,6997,88,45,54
541,21280,61,73,138
542,8568,30,98,71
543,1743,59,46,199
544,4,73,58,60
545,200,87,53,118
546,320,49,43,89
547,85332,54,63,102
548,11748,28,93,188
549,41810,37,66,183
550,5740,83,56,107
551,107136,83,52,77
552,9054,91,46,130
553,11956,84,6,111
554,24,23,12,174
555,2676,58,78,195
556,244,45,58,166
557,32,40,9,138
558,360087,99,89,118
559,28,73,32,89
560,9968,46,82,121
561,9,99,66,113
562,5,48,62,96
563,17,100,58,106
564,6936,63,92,106
565,64216,89,36,126
566,874112,93,47,159
567,85,80,53,76
568,552032,51,58,145
569,20,38,21,90
570,3101,30,49,186
571,3289,92,54,155
572,6574,33,12,178
573,3,63,63,57
574,328,91,100,98
575,6752,78,83,131
576,6662,70,82,131
577,25995,43,48,96
578,2,89,5,130
579,27572,85,59,183
580,12024,77,93,63
581,85156,21,58,124
582,20,66,63,76
583,48384,87,80,193
584,5934,45,20,57
585,64752,48,16,71
586,11414,95,25,134
587,16,93,8,186
588,587,54,59,104
589,584384,30,8,109
590,416,92,62,122
591,610,75,92,158
592,44620,48,8,55
593,172742,66,66,179
594,37652,36,98,76
595,122,66,19,59
596,29088,20,39,76
597,5704,99,58,189
598,22,53,28,161
599,14336,60,66,134
