0,240,71,96,126
1,120,74,37,174
2,3,31,65,104
3,990,72,8,181
4,173092,81,20,101
5,14429,32,61,117
6,112,20,75,119
7,28,67,59,108
8,719866,31,72,151
9,114208,85,7,51
10,85140,82,6,127
11,526500,65,27,87
12,41376,82,9,200
13,84044,26,82,79
14,32,27,21,136
15,34393,28,89,70
16,13,64,64,149
17,21202,50,99,51
18,1084088,92,29,87
19,21267,86,9,117
20,139704,94,78,52
21,16,49,29,158
22,61433,50,10,159
23,5602,45,64,99
24,14,23,38,103
25,719914,25,12,131
26,912720,31,99,160
27,2949,38,53,68
28,103800,59,21,162
29,11532,85,80,146
30,3,42,19,67
31,350,92,59,91
32,126190,75,24,126
33,12743,34,72,66
34,2942,90,33,170
35,499,21,87,164
36,21247,45,34,94
37,11113,81,79,128
38,37117,78,29,56
39,46414,76,41,180
40,632864,33,10,120
41,11937,52,20,131
42,21285,33,21,142
43,216,33,22,113
44,5732,57,12,65
45,5596,84,85,198
46,2176,76,48,193
47,13116,77,31,120
48,116160,80,20,152
49,1667320,27,69,105
50,144135,62,37,178
51,656,32,49,110
52,3336,74,43,137
53,60545,63,72,64
54,10,96,97,142
55,1830,21,7,199
56,9960,96,16,82
57,6656,42,52,121
58,37128,94,10,74
59,503968,87,91,89
60,14438,73,49,76
61,1429340,68,57,53
62,760,66,95,123
63,192,31,87,155
64,1496,34,23,168
65,384,61,96,139
66,54,85,38,120
67,534632,93,20,169
68,500,33,95,149
69,84,63,45,108
70,288,51,45,63
71,1864,46,7,93
72,268,83,34,128
73,256,29,61,57
74,36461,31,70,95
75,40056,34,62,59
76,72065,85,41,155
77,828,79,63,199
78,20087,32,5,189
79,3011,32,62,173
80,18,43,50,146
81,448,56,28,152
82,3050,20,28,90
83,3,33,22,53
84,6550,83,81,57
85,26191,49,58,193
86,911,81,9,141
87,10422,92,96,92
88,4782,66,84,56
89,221,37,39,113
90,160,93,99,149
91,8,72,69,87
92,6740,44,75,123
93,12704,28,17,121
94,60055,81,75,97
95,36,30,21,132
96,20608,40,14,66
97,36,96,97,183
98,320,68,14,149
99,375724,91,99,184
100,720124,22,98,114
101,45298,56,75,178
102,58618,67,67,150
103,8243,34,88,179
104,324,67,69,101
105,4,50,42,149
106,14,62,75,161
107,865184,70,20,169
108,184240,73,22,183
109,86300,55,32,119
110,1878,31,98,96
111,34825,73,79,64
112,2208,89,57,174
113,1431,38,91,182
114,20,74,46,52
115,704,40,58,56
116,17644,97,92,130
117,150616,83,13,91
118,6144,20,29,91
119,3276,65,94,76
120,691472,87,13,132
121,597088,49,75,65
122,21278,62,9,184
123,256,96,25,161
124,5396,79,100,52
125,4800,71,91,130
126,352,82,61,127
127,1728,84,8,131
128,1,89,60,134
129,16,22,87,171
130,144,43,46,92
131,252,26,42,128
132,1,24,71,132
133,102,28,92,60
134,12,91,59,189
135,4000,83,83,144
136,14115,85,92,53
137,80,40,31,158
138,21313,58,89,103
139,27578,39,71,135
140,283,81,43,69
141,21293,29,60,92
142,57256,58,48,170
143,305,64,24,125
144,5404,99,27,143
145,76,100,63,117
146,7002,59,86,158
147,540350,24,73,59
148,66,49,24,56
149,20076,54,82,162
150,80,100,97,81
151,352,24,81,109
152,6582,26,66,179
153,20,41,78,157
154,5858,33,22,73
155,852,93,49,62
156,37328,52,29,78
157,12420,96,87,138
158,677384,68,13,191
159,44,41,16,195
160,610,78,93,165
161,64,73,13,51
162,112,52,53,101
163,20,85,13,120
164,12426,46,50,163
165,569920,73,29,50
166,13111,60,82,126
167,62598,36,81,108
168,5644,20,73,56
169,5580,93,11,76
170,144005,63,63,149
171,60336,41,29,160
172,328,28,42,73
173,13188,79,81,166
174,544,69,20,129
175,12670,43,85,174
176,8576,89,52,170
177,3,51,82,91
178,320,41,22,104
179,6492,44,70,200
180,160,97,57,150
181,104,70,22,173
182,4727,35,97,97
183,47272,97,43,155
184,7,71,38,126
185,37552,48,47,115
186,10616,46,57,186
187,1098,72,77,189
188,84076,21,41,132
189,3,43,61,85
190,273,62,28,111
191,14093,27,51,123
192,6024,87,21,156
193,13356,56,62,133
194,41988,74,40,54
195,21309,72,11,182
196,400,68,8,108
197,8212,70,23,165
198,3,65,85,100
199,80,100,22,165
200,5634,31,95,154
201,13802,55,97,126
202,45124,35,24,145
203,16,46,52,200
204,141,42,56,129
205,26965,96,19,101
206,72106,43,86,151
207,112694,66,57,67
208,12564,90,62,107
209,44,63,61,81
210,1689,61,63,90
211,12712,36,94,128
212,398,86,53,151
213,78,77,82,101
214,1,69,17,193
215,2167,100,65,118
216,85244,38,53,155
217,72,51,6,180
218,14,26,47,165
219,66,47,26,79
220,84,60,37,96
221,2,59,20,131
222,37822,24,66,183
223,6624,28,88,156
224,6604,100,29,182
225,105992,86,41,181
226,42112,31,92,71
227,250812,71,50,74
228,352,69,99,156
229,6664,97,24,180
230,1513,48,26,94
231,2885616,89,53,99
232,9113,23,80,171
233,5730,67,22,196
234,2,82,52,150
235,2,64,50,199
236,176,45,60,117
237,160,26,18,158
238,460600,36,5,125
239,32,32,11,65
240,85016,36,18,134
241,476,63,34,171
242,7,92,16,73
243,74,53,58,93
244,173808,41,24,54
245,534,41,72,112
246,72006,27,98,113
247,6668,21,48,190
248,4930,64,18,60
249,10,56,71,181
250,3,71,11,120
251,267342,25,86,167
252,35685,92,29,164
253,656,75,47,64
254,5772,75,50,113
255,317824,45,34,200
256,26262,23,6,91
257,30,63,91,94
258,2096,77,51,200
259,5768,52,18,134
260,6650,35,13,152
261,84064,34,47,135
262,36,45,73,144
263,26870,40,26,68
264,8231,48,12,99
265,968,53,41,121
266,44,100,91,53
267,12457,23,80,154
268,20,25,60,114
269,12591,78,80,88
270,128,87,75,131
271,12,37,15,185
272,6694,21,18,191
273,83912,60,52,155
274,5788,83,62,137
275,9772,89,66,135
276,889,29,74,190
277,20,41,36,94
278,43104,60,39,92
279,14442,28,65,138
280,597888,33,62,156
281,674,62,71,83
282,17615,41,79,64
283,5638,86,19,142
284,6618,65,22,133
285,21314,88,60,81
286,1038,92,31,120
287,30914,77,49,151
288,21297,53,83,106
289,104,45,43,183
290,12,63,5,129
291,12,45,56,169
292,11205,92,91,169
293,124,30,21,73
294,11102,95,93,63
295,244,78,35,126
296,504,62,93,152
297,65,86,8,165
298,4,97,15,140
299,72,84,55,191
300,2763648,75,53,171
301,1800,67,85,191
302,19528,50,23,135
303,929,75,75,81
304,7538,29,51,93
305,12,38,7,127
306,67183,32,10,191
307,1657000,37,67,171
308,2,69,73,54
309,905,76,16,189
310,271241,52,28,76
311,18,54,81,88
312,16030,50,44,169
313,747314,36,69,162
314,80,21,5,92
315,16,32,46,194
316,14037,28,25,134
317,49598,55,30,134
318,11248,22,23,163
319,2,48,42,162
320,16837,95,30,105
321,384,51,96,184
322,1697,65,24,111
323,18239,36,86,149
324,36316,44,79,50
325,6608,67,42,189
326,4,69,45,174
327,15,47,63,170
328,123,30,13,71
329,130,30,76,159
330,6140,77,61,110
331,28822,79,34,113
332,30091,73,56,74
333,6668,98,13,135
334,1297,76,36,138
335,1811,77,75,165
336,94074,61,68,156
337,4864,93,36,117
338,3814,99,32,145
339,864704,32,52,180
340,40,79,76,122
341,38119,30,98,89
342,7404,73,37,194
343,8,88,38,132
344,369468,49,91,120
345,4,53,84,102
346,77155,70,19,146
347,416,55,8,146
348,6594,48,75,170
349,37050,26,64,169
350,37401,92,63,133
351,85112,48,44,93
352,2712,59,46,105
353,6616,51,49,155
354,1916,21,95,190
355,304,58,77,80
356,4432,95,52,168
357,1336880,22,15,144
358,15248,25,66,54
359,6634,79,25,100
360,14,83,53,80
361,85240,61,27,96
362,18546,60,25,189
363,44824,21,45,184
364,8444,81,100,64
365,16109,28,54,94
366,1,84,34,151
367,30501,54,70,109
368,17,99,77,102
369,5784,80,44,121
370,17080,98,14,119
371,38460,57,89,175
372,80,40,38,179
373,693616,62,38,92
374,939,64,36,54
375,72,77,35,98
376,8,91,66,138
377,28281,84,21,50
378,6,57,98,178
379,12,63,25,154
380,109872,99,42,116
381,37806,62,44,198
382,21294,78,19,174
383,74,51,71,132
384,64,39,28,148
385,10678,77,8,150
386,4850,92,79,107
387,1232,25,10,189
388,19229,92,29,193
389,85228,95,21,55
390,54340,39,72,83
391,2,70,93,136
392,736200,93,96,73
393,42080,21,36,123
394,395,33,46,114
395,139,44,62,103
396,60,95,17,177
397,35,27,34,52
398,85192,69,96,173
399,6624,43,20,180
