0,17677,87,83,122
1,280,25,53,178
2,86748,24,91,196
3,80312,67,78,110
4,6632,72,20,168
5,2944,93,56,136
6,456,81,98,92
7,2765488,77,35,97
8,68280,35,97,189
9,375736,67,55,155
10,12,94,14,142
11,62,39,28,146
12,35422,76,45,177
13,613,73,14,101
14,85184,79,62,102
15,942,24,23,112
16,5774,31,33,92
17,1520,44,67,93
18,42064,100,48,74
19,6400,81,39,116
20,36870,56,73,153
21,3268,89,46,179
22,320,50,57,67
23,331,34,22,195
24,32,75,60,50
25,320,87,58,70
26,41976,55,80,129
27,85120,76,61,86
28,5,94,30,183
29,16331,20,76,57
30,8373,54,21,114
31,16,42,63,118
32,1505,70,77,68
33,491904,85,16,78
34,4672,55,43,178
35,6326,25,53,73
36,2873,88,90,167
37,14098,98,28,177
38,10560,84,55,164
39,16,68,72,94
40,11849,22,37,163
41,5,49,32,65
42,8,73,54,146
43,16,66,95,116
44,11758,49,44,180
45,22896,37,60,94
46,6698,55,43,146
47,10460,39,36,53
48,140,65,89,119
49,96,42,66,84
50,40,86,48,111
51,680,46,79,129
52,5782,49,86,174
53,18189,60,36,61
54,1716,81,90,59
55,9728,68,93,87
56,6648,50,86,159
57,2700,76,100,100
58,7,77,42,176
59,62357,30,50,130
60,83508,49,27,195
61,318896,57,83,67
62,1383760,58,16,117
63,18500,55,6,77
64,3,91,68,141
65,2816,30,54,122
66,32,75,89,150
67,317200,100,7,107
68,12758,26,41,186
69,10819,49,30,90
70,21294,58,54,74
71,144,94,24,131
72,57472,66,98,160
73,3058,90,73,50
74,536,96,97,55
75,17651,71,47,175
76,14,68,64,152
77,21268,80,98,80
78,12845,59,60,117
79,5691,99,62,136
80,224,26,74,169
81,732,95,15,170
82,5854,91,99,176
83,38016,34,44,98
84,16,97,44,68
85,140232,67,20,187
86,6227,99,65,132
87,1815,20,38,197
88,11637,21,47,64
89,25759,99,13,160
90,2904,95,66,188
91,21256,66,66,81
92,6656,67,52,195
93,96,35,92,60
94,2676,78,20,71
95,35738,76,80,90
96,6202,90,65,76
97,10368,23,10,166
98,10,42,81,178
99,4938,47,22,84
100,42066,44,60,118
101,12849,60,59,128
102,244,76,12,139
103,83692,95,96,186
104,85584,37,49,60
105,85140,36,5,155
106,48,56,14,69
107,169,35,53,97
108,864544,79,83,152
109,224,21,38,184
110,928,34,65,198
111,85224,30,45,145
112,4544,48,76,116
113,865184,78,36,156
114,5736,26,42,158
115,18,89,96,154
116,2600,39,16,98
117,2680,78,94,174
118,64392,82,17,200
119,11827,42,63,117
120,10758,98,82,50
121,1058000,76,16,71
122,85008,42,19,73
123,32808,49,67,74
124,5984,33,38,182
125,6368,30,67,187
126,240,69,90,93
127,84080,44,34,82
128,3696,100,76,99
129,40,69,53,60
130,4,55,88,114
131,256,52,69,113
132,384,53,87,91
133,85228,93,28,119
134,640,47,5,178
135,14,32,38,75
136,38264,20,50,197
137,3052,68,41,114
138,6618,72,91,74
139,14095,22,53,133
140,79269,41,26,112
141,216004,89,76,124
142,151,57,99,144
143,36956,61,47,92
144,1439,94,38,137
145,39816,70,80,173
146,14029,98,5,181
147,38,25,96,105
148,2532192,73,92,109
149,30147,28,35,106
150,21107,22,55,184
151,2278,32,81,164
152,464,85,9,75
153,4094,26,78,95
154,83864,32,83,175
155,11104,98,46,106
156,2,42,52,143
157,3756,59,51,87
158,5676,54,88,75
159,766,85,94,173
160,29906,28,94,159
161,85248,82,44,109
162,28672,53,46,178
163,336,87,9,154
164,1662,77,78,77
165,12388,92,10,185
166,677720,75,52,193
167,2926,42,28,158
168,66,67,53,152
169,5704,46,40,171
170,2,98,93,181
171,620,26,54,66
172,12689,31,25,142
173,176,42,37,120
174,37253,55,89,138
175,6616,90,83,84
176,5196,89,38,173
177,5772,91,92,65
178,656,31,97,62
179,496,73,30,122
180,3247,27,8,143
181,3906,52,72,192
182,16,29,83,137
183,71851,98,84,89
184,10771,40,87,188
185,11601,45,87,196
186,24,53,17,191
187,352,57,81,136
188,126059,55,36,105
189,66,20,50,79
190,323760,69,22,159
191,127072,71,77,63
192,2136048,24,84,165
193,57543,96,47,181
194,536,76,97,190
195,61,62,67,111
196,619200,37,22,143
197,685,21,52,96
198,16,34,35,190
199,14636,79,62,103
200,1046944,48,5,76
201,4,48,8,151
202,352,27,11,191
203,8736,80,28,97
204,8231,46,52,62
205,14108,85,97,152
206,28,73,41,137
207,29931,46,75,188
208,677528,75,24,148
209,37720,57,41,193
210,560,78,52,93
211,232,47,77,109
212,6716,88,16,60
213,21309,31,12,112
214,930432,96,25,175
215,85204,21,80,141
216,23939,32,6,137
217,2409,21,71,164
218,20,93,74,193
219,85128,77,39,86
220,868,47,70,68
221,21279,52,55,102
222,9327,58,50,107
223,12,64,88,128
224,680,72,58,166
225,10468,41,43,178
226,2782,53,50,103
227,28,66,26,141
228,16026,49,44,196
229,153392,24,60,143
230,32,89,44,138
231,12666,82,93,168
232,28,85,49,75
233,6652,67,7,66
234,6662,63,19,110
235,58928,68,24,118
236,10,28,40,182
237,3968,72,72,133
238,30880,38,10,63
239,2028,23,15,54
240,21217,26,84,75
241,83980,22,56,56
242,121644,93,8,139
243,15,33,15,135
244,58924,86,34,155
245,48,44,96,120
246,14099,62,36,71
247,21997,69,28,66
248,192,78,90,66
249,400,81,51,59
250,896,61,17,91
251,732,96,92,135
252,11482,55,77,95
253,6033,90,64,156
254,104,51,7,97
255,112,82,20,65
256,8197,87,97,52
257,495,27,11,160
258,488,98,93,177
259,12,85,99,131
260,86,95,65,54
261,352,57,100,162
262,12,49,14,168
263,145230,27,35,168
264,61,81,98,182
265,162656,99,58,198
266,1689,69,7,95
267,30592,50,25,89
268,256,55,49,90
269,17747,60,71,90
270,992,84,70,96
271,10592,41,23,183
272,85232,36,93,188
273,1556496,69,30,157
274,84112,81,7,167
275,17,28,100,116
276,368,44,21,86
277,6572,85,72,188
278,19714,45,74,116
279,21196,62,39,198
280,5724,88,17,185
281,56496,62,60,69
282,1504,20,43,135
283,21287,50,41,131
284,683880,62,61,170
285,3071,51,51,140
286,67230,79,52,80
287,6094,92,74,126
288,335088,97,94,104
289,224448,54,13,177
290,5820,44,70,88
291,550176,72,73,188
292,929120,62,90,138
293,85256,73,41,72
294,132,68,33,195
295,2415,41,24,119
296,42078,100,32,83
297,597600,34,5,125
298,1067,39,15,89
299,6668,28,50,127
