0,346793,32,32,104
1,378859,78,35,86
2,185187,51,99,100
3,444017,96,95,187
4,112972,23,77,114
5,344671,28,76,97
6,405150,71,21,177
7,286850,85,88,77
8,225833,56,59,79
9,415428,72,24,55
10,362768,21,99,122
11,290319,69,34,113
12,347310,38,76,89
13,287820,20,100,182
14,363707,20,54,136
15,384275,22,62,126
16,305648,83,83,149
17,323882,33,17,132
18,375375,73,41,167
19,402574,51,67,171
20,444153,35,94,109
21,254525,38,38,142
22,127400,98,96,87
23,285737,32,47,113
24,297383,29,85,104
25,366519,70,31,83
26,381903,52,30,155
27,244202,67,42,176
28,491511,62,37,159
29,298190,75,99,127
30,253166,63,20,94
31,378606,58,69,126
32,249654,22,23,194
33,320485,45,78,83
34,261950,33,15,66
35,45190,88,84,193
36,363490,20,35,129
37,170846,58,71,160
38,309369,97,31,182
39,401057,61,73,185
40,332853,39,50,71
41,273552,51,67,99
42,342651,43,43,154
43,403115,77,66,61
44,260357,57,26,52
45,402733,99,27,56
46,357845,67,8,143
47,298413,45,22,177
48,412483,41,89,123
49,256459,99,41,64
50,384193,25,77,80
51,353567,68,93,159
52,336139,36,37,153
53,276479,81,53,194
54,367547,47,99,182
55,331324,25,37,80
56,233315,90,33,125
57,459125,39,67,73
58,225226,72,12,50
59,354711,90,89,121
60,407906,29,25,133
61,352144,78,49,68
62,275428,86,18,175
63,416072,58,9,65
64,368159,55,73,146
65,111108,36,38,124
66,445161,37,44,62
67,129804,53,79,197
68,345185,82,81,107
69,490994,96,100,61
70,261858,53,85,148
71,309147,87,53,161
72,282851,40,31,84
73,311407,62,7,104
74,137603,66,93,170
75,377038,98,56,58
76,4806,72,13,75
77,87146,90,16,140
78,354082,45,88,89
79,294748,47,50,144
80,444780,69,33,159
81,321918,43,70,97
82,383022,85,7,88
83,260694,46,41,125
84,522973,89,71,98
85,315403,91,11,120
86,234179,82,42,137
87,484173,54,29,125
88,261282,88,46,157
89,33657,77,11,80
90,208130,50,100,95
91,417534,49,42,194
92,425395,64,39,101
93,390741,43,99,132
94,106876,97,99,143
95,388867,24,46,146
96,164902,58,46,142
97,276676,57,24,82
98,292244,33,43,72
99,312782,77,85,145
100,326573,45,63,93
101,372414,76,83,187
102,158120,21,56,95
103,380186,23,18,131
104,388117,52,71,137
105,395346,42,34,106
106,385199,73,80,127
107,428172,39,5,154
108,115240,85,12,197
109,266508,70,29,174
110,204494,46,63,104
111,227967,64,22,114
112,311589,62,60,130
113,341100,53,61,142
114,372533,94,53,191
115,360378,23,66,119
116,411023,67,21,198
117,33138,34,97,68
118,401265,42,63,88
119,335497,97,28,192
120,389023,67,23,133
121,387355,29,71,94
122,87538,76,42,149
123,445827,61,81,79
124,297344,41,81,162
125,209520,72,9,57
126,259852,85,38,182
127,286494,86,63,89
128,334192,51,75,121
129,356112,37,90,56
130,321637,28,80,152
131,272156,90,71,161
132,322272,96,49,190
133,261040,23,19,174
134,329748,42,23,84
135,362809,30,12,67
136,376489,22,92,186
137,305416,36,66,104
138,410608,35,69,106
139,88229,88,34,196
140,305599,91,99,190
141,407134,99,91,103
142,286359,22,50,121
143,326976,87,6,109
144,348403,30,87,127
145,388045,82,50,87
146,305209,99,92,110
147,334122,25,60,104
148,368670,85,95,136
149,183169,46,88,158
150,319300,99,40,185
151,327569,46,99,67
152,358543,42,93,94
153,348600,20,13,174
154,262034,50,6,107
155,288866,52,73,97
156,318635,41,93,105
157,253159,66,8,101
158,353939,35,35,78
159,310593,51,37,190
160,356001,51,80,94
161,230869,56,59,162
162,396487,91,22,142
163,491811,71,33,87
164,343275,63,25,191
165,443958,81,62,151
166,185315,41,90,142
167,354838,40,14,88
168,182325,82,98,153
169,324176,72,23,186
170,355479,80,83,154
171,260532,96,48,152
172,403473,89,26,185
173,167479,84,90,165
174,182409,27,63,92
175,479290,65,74,139
176,345347,97,13,158
177,396211,79,85,150
178,225900,42,88,101
179,294087,89,21,176
180,89108,60,45,184
181,183501,73,23,92
182,450956,39,91,151
183,64143,24,65,89
184,157124,84,90,139
185,82177,91,68,61
186,151420,80,22,171
187,372989,24,50,120
188,366648,45,73,104
189,103316,78,32,173
190,314479,63,53,57
191,288736,52,11,84
192,387380,30,8,179
193,311,97,12,62
194,363029,99,88,114
195,384971,43,95,138
196,387608,60,43,158
197,100352,75,93,153
198,366502,90,66,134
199,208897,21,39,86
200,320444,32,31,84
201,489997,41,96,191
202,272031,83,57,175
203,108238,85,58,190
204,386415,74,41,161
205,373424,47,42,94
206,492031,80,45,113
207,491679,98,95,197
208,409534,52,97,190
209,391594,50,61,188
210,310728,60,80,75
211,231563,53,22,170
212,391897,23,18,70
213,405683,87,18,184
214,310838,46,67,74
215,294071,32,34,168
216,111063,75,20,55
217,277865,78,87,131
218,374803,57,13,197
219,401644,61,55,114
220,118,20,28,190
221,346302,21,37,124
222,492049,28,31,137
223,165811,30,81,146
224,316819,78,12,75
225,316029,51,46,61
226,224582,29,35,100
227,348395,49,23,70
228,352955,48,89,133
229,341888,61,14,161
230,453478,20,84,77
231,351351,44,98,114
232,273668,69,96,149
233,169582,76,18,59
234,247042,23,32,137
235,291923,51,68,133
236,307802,96,22,112
237,286213,43,75,144
238,87487,68,60,88
239,308890,90,98,82
240,119589,48,7,166
241,346677,98,79,184
242,362195,51,35,114
243,187429,46,43,131
244,246975,77,80,100
245,353725,53,54,65
246,480446,89,77,181
247,408547,63,99,118
248,409221,46,15,67
249,369264,77,36,198
250,430627,21,77,56
251,101685,92,33,155
252,292663,95,20,114
253,294254,98,48,200
254,407679,47,12,190
255,235683,27,66,183
256,326878,74,24,187
257,113245,86,76,149
258,156811,94,15,196
259,409410,24,35,99
260,170938,21,66,167
261,397637,88,29,53
262,307418,46,95,58
263,385141,44,42,154
264,344588,71,56,192
265,110446,85,28,100
266,144751,49,58,111
267,164467,89,65,82
268,326888,73,81,170
269,413684,35,54,94
270,363792,25,50,170
271,375226,68,39,159
272,338792,56,94,191
273,343074,52,100,154
274,328352,100,35,174
275,64166,21,37,69
276,308157,27,30,97
277,183947,70,58,125
278,209119,94,26,155
279,350286,60,30,83
280,56564,65,64,119
281,185375,97,43,63
282,291929,75,29,109
283,291962,41,35,95
284,400776,47,98,93
285,244877,32,53,66
286,234093,99,33,192
287,271739,52,25,182
288,186936,34,9,131
289,384590,43,81,76
290,224728,36,50,101
291,55430,24,7,64
292,298229,41,56,72
293,306028,59,9,144
294,256375,89,73,109
295,489578,36,67,54
296,389571,34,44,143
297,352725,70,53,55
298,390660,81,14,184
299,359578,56,8,169
300,386118,78,66,151
301,383012,91,88,129
302,525920,100,21,157
303,367081,25,27,144
304,410520,90,96,96
305,307846,76,5,160
306,285825,75,26,126
307,185738,97,37,137
308,410356,81,10,64
309,205856,43,16,100
310,340113,61,21,162
311,327177,98,81,163
312,263861,88,33,191
313,385060,70,77,117
314,347123,74,85,54
315,416363,64,61,102
316,55669,66,74,191
317,349597,27,51,123
318,316574,64,60,110
319,189627,78,40,123
320,384712,38,99,58
321,170902,88,52,55
322,408995,27,50,131
323,377721,89,55,92
324,103403,24,89,120
325,328250,70,56,121
326,349935,71,86,107
327,321849,91,50,131
328,170034,97,78,158
329,488985,92,17,157
330,103655,29,18,101
331,190797,64,66,183
332,307724,53,61,109
333,275770,86,60,98
334,308707,89,8,136
335,233356,22,86,176
336,132520,69,81,151
337,219351,54,42,69
338,312619,34,82,66
339,323992,37,89,62
340,476347,42,60,158
341,225250,27,89,136
342,187646,93,41,200
343,243515,24,32,101
344,271864,51,25,67
345,109869,56,9,65
346,390405,28,48,76
347,186610,32,63,166
348,393140,70,43,107
349,364331,47,42,53
350,252226,76,56,118
351,170054,84,40,177
352,88476,21,35,149
353,179311,43,18,59
354,235881,85,43,116
355,348007,31,76,162
356,398866,55,43,179
357,348433,33,100,190
358,294660,99,59,181
359,247722,66,61,141
360,236372,90,50,190
361,260192,87,72,158
362,404391,20,78,160
363,169077,20,76,182
364,378634,25,57,147
365,370896,60,14,182
366,314254,69,94,187
367,327311,34,46,84
368,347912,34,92,70
369,362250,58,6,111
370,521361,81,86,113
371,290999,32,85,51
372,362297,51,56,116
373,389681,41,16,101
374,294772,99,94,85
375,418453,66,54,52
376,362742,36,15,181
377,342909,86,94,199
378,309847,86,70,192
379,395584,51,38,192
380,400456,62,32,176
381,319978,68,100,105
382,298593,55,50,145
383,10434,55,43,122
384,305723,76,19,131
385,239270,72,48,163
386,372605,50,42,102
387,321468,83,48,133
388,61538,52,66,161
389,412213,24,50,51
390,295419,73,24,141
391,482228,64,64,145
392,116202,73,75,184
393,461868,22,57,181
394,396600,58,14,164
395,149152,66,50,197
396,351249,52,60,128
397,300290,35,30,197
398,5703,53,75,196
399,362159,36,26,54
400,182837,62,20,68
401,349850,94,20,111
402,309039,67,14,180
403,443790,44,84,69
404,2290,38,81,128
405,319034,38,71,152
406,318636,28,94,137
407,415671,57,76,139
408,352720,21,61,162
409,246839,96,25,173
410,262201,27,11,127
411,332854,92,47,159
412,443244,80,82,144
413,334455,80,7,149
414,384539,78,17,150
415,105680,43,53,182
416,406772,32,67,119
417,278143,83,61,98
418,400794,71,81,165
419,413088,85,100,163
420,314135,95,24,103
421,254733,70,27,175
422,230180,65,59,97
423,371138,37,24,64
424,240057,50,12,83
425,181333,62,93,194
426,350127,23,84,73
427,235225,55,92,80
428,69830,89,29,78
429,488603,57,35,74
430,232229,24,30,174
431,371610,80,37,199
432,364240,76,46,57
433,347367,78,58,111
434,256177,44,84,174
435,307522,43,78,125
436,48309,99,47,191
437,411979,69,40,129
438,63079,66,20,146
439,318249,99,45,58
440,113036,32,45,91
441,243536,49,9,135
442,491793,25,77,55
443,405894,98,32,186
444,357444,22,90,96
445,142254,85,41,127
446,345717,98,81,108
447,105366,43,16,54
448,297394,50,91,161
449,288394,87,80,138
450,298852,38,97,109
451,315489,78,92,198
452,489157,44,79,183
453,317313,51,79,156
454,379603,49,78,196
455,366397,56,23,51
456,348701,31,75,97
457,359647,22,43,104
458,280974,94,87,171
459,378095,94,7,171
460,344764,34,69,93
461,62837,34,37,151
462,360912,23,93,163
463,372221,75,32,191
464,308312,84,16,178
465,170584,59,49,184
466,397057,100,35,170
467,399192,72,21,186
468,342107,75,72,160
469,313425,61,62,166
470,208575,96,45,100
471,413573,26,96,124
472,412875,48,78,182
473,151440,76,94,199
474,254164,42,65,85
475,363506,38,70,178
476,109703,71,99,194
477,56574,67,46,155
478,107437,53,35,177
479,311531,80,74,134
480,2505,82,48,190
481,410731,72,63,120
482,383751,92,35,125
483,1065,44,56,51
484,189587,47,16,198
485,183774,83,79,130
486,87233,47,63,59
487,404964,66,33,191
488,344504,82,57,71
489,278686,51,55,105
490,297656,42,79,97
491,235298,69,37,65
492,172744,38,41,147
493,490948,75,62,97
494,340528,82,38,185
495,352801,85,30,154
496,475164,72,86,189
497,370184,45,31,181
498,224759,66,80,180
499,295809,81,41,96
500,522202,26,16,197
501,433191,94,95,119
502,489343,36,80,78
503,188018,80,19,110
504,354861,36,41,136
505,323397,71,25,91
506,114597,61,76,192
507,181273,99,63,77
508,318490,30,79,110
509,50035,55,22,136
510,386919,94,74,159
511,320446,38,85,143
512,352545,65,62,116
513,245832,42,67,130
514,284422,63,76,198
515,239145,23,75,197
516,414297,40,10,133
517,295753,85,11,159
518,114273,29,82,142
519,150520,67,76,161
520,393483,31,67,74
521,396197,99,48,125
522,403817,30,13,193
523,282779,73,33,113
524,367487,80,54,131
525,26587,49,15,163
526,69812,86,37,53
527,384939,44,15,150
528,284072,51,70,57
529,273443,22,89,172
530,186387,26,88,120
531,388358,72,49,144
532,347857,72,12,69
533,466144,44,86,196
534,361638,50,20,124
535,386401,55,74,126
536,491978,45,6,100
537,246463,51,75,127
538,279462,94,86,85
539,466199,30,42,132
540,168382,82,37,156
541,350944,73,92,125
542,368920,45,10,65
543,312618,42,18,151
544,322525,74,65,116
545,443280,53,24,189
546,414262,78,63,85
547,109838,42,62,74
548,372280,94,67,87
549,491406,91,48,80
550,488808,100,78,194
551,3513,47,42,94
552,446046,85,54,70
553,376660,77,21,168
554,368778,81,34,123
555,257111,37,13,198
556,234686,21,67,162
557,491084,66,96,172
558,61618,58,69,157
559,395360,59,43,52
560,319188,87,88,114
561,106384,61,74,54
562,182077,48,20,61
563,371666,60,46,71
564,398864,35,98,143
565,286700,84,75,180
566,401382,32,30,200
567,290828,72,76,156
568,404633,90,39,103
569,399731,27,18,185
570,410474,50,81,125
571,370967,32,21,54
572,255980,44,40,123
573,170739,100,18,93
574,109731,59,34,69
575,398986,37,55,82
576,291497,92,11,175
577,160088,37,42,158
578,412459,99,58,91
579,403775,38,8,173
580,275352,82,96,172
581,341441,32,57,95
582,384787,95,97,98
583,369409,52,74,193
584,254100,28,45,146
585,407878,77,97,85
586,149468,21,91,124
587,300288,62,99,100
588,300306,20,100,119
589,168909,36,10,71
590,432773,41,15,161
591,297102,29,29,128
592,235061,89,34,149
593,490845,74,85,115
594,363431,99,50,79
595,189617,29,29,98
596,405195,61,90,119
597,288148,21,61,180
598,380748,46,31,105
599,306838,34,58,198
600,236041,35,57,159
601,305189,45,86,84
602,279660,53,44,142
603,275771,93,59,106
604,103844,72,48,58
605,109112,28,94,104
606,323999,81,99,132
607,481287,77,26,129
608,350239,47,84,60
609,444596,72,13,148
610,318010,90,43,178
611,412419,68,99,156
612,181158,30,61,146
613,338221,94,94,129
614,325481,30,56,97
615,187797,91,51,73
616,307937,71,18,159
617,7009,73,33,169
618,349589,77,48,182
619,415961,56,47,178
620,282,67,83,127
621,327215,85,9,142
622,179178,79,91,144
623,109705,71,37,78
624,315101,62,20,148
625,384235,28,47,116
626,314591,76,43,61
627,389446,66,14,189
628,271967,32,18,59
629,296442,91,53,182
630,360885,70,67,80
631,396270,91,61,84
632,389203,64,25,187
633,358550,38,12,108
634,335340,93,32,60
635,305234,41,59,107
636,390773,43,29,114
637,116570,71,55,104
638,261284,52,95,171
639,128060,63,8,174
640,173586,65,33,159
641,109712,62,54,144
642,295346,43,27,115
643,112908,28,65,91
644,345453,85,63,120
645,401982,39,85,134
646,387485,29,87,56
647,381954,94,99,64
648,176722,37,53,160
649,56557,67,82,72
650,274634,84,83,135
651,286214,25,5,185
652,191377,55,36,149
653,311442,65,62,92
654,219335,87,34,65
655,315776,66,42,139
656,328103,54,52,182
657,430170,38,63,188
658,342667,87,21,193
659,291097,93,21,50
660,339598,28,19,130
661,228725,24,84,144
662,374838,22,46,68
663,471069,26,85,139
664,168730,78,73,178
665,373204,84,50,165
666,314778,72,20,178
667,358893,44,27,109
668,251840,45,98,116
669,184776,83,19,121
670,353886,73,14,97
671,168084,82,19,140
672,418611,80,38,190
673,233641,49,85,140
674,410408,95,24,164
675,237986,90,59,149
676,126952,87,68,143
677,285386,27,24,156
678,365347,55,52,157
679,416085,33,46,69
680,474466,90,73,145
681,244009,31,54,138
682,7047,44,98,145
683,181508,77,41,120
684,246821,21,28,66
685,260356,55,15,157
686,412368,37,44,141
687,284085,91,74,121
688,289122,93,62,126
689,334066,28,44,56
690,371937,66,83,173
691,371934,100,7,153
692,45297,38,15,149
693,241223,54,81,101
694,32083,92,43,79
695,406451,42,60,98
696,179194,98,16,124
697,127339,58,28,72
698,328398,81,79,134
699,249621,43,38,55
