0,243438,38,91,111
1,307872,29,14,135
2,88924,66,50,111
3,374328,98,100,143
4,235143,84,76,173
5,395005,42,63,175
6,7193,60,65,195
7,443896,46,39,65
8,321549,64,79,74
9,114990,90,31,53
10,33545,71,12,96
11,489277,36,67,73
12,445645,31,90,137
13,350254,45,61,188
14,382976,32,86,106
15,298466,25,85,144
16,403297,96,85,190
17,233806,52,55,109
18,224894,60,28,91
19,360227,70,43,170
20,108119,31,97,58
21,415426,62,13,115
22,149132,48,87,122
23,334706,34,53,147
24,401707,31,69,172
25,181504,27,68,99
26,245626,33,17,64
27,224834,82,27,173
28,243396,77,98,115
29,489522,81,84,141
30,180047,21,72,128
31,71072,22,90,114
32,346684,66,7,156
33,323898,97,82,62
34,413484,66,92,67
35,215934,35,33,151
36,164978,74,85,96
37,291488,93,55,165
38,352347,81,96,87
39,360628,59,13,91
40,292812,52,87,167
41,336138,31,39,99
42,445595,74,33,153
43,398436,25,69,198
44,305865,53,84,124
45,354977,96,83,160
46,380473,27,96,110
47,389218,90,65,114
48,364177,29,39,88
49,278289,53,8,159
50,293496,69,94,194
51,394800,95,58,130
52,353876,49,45,145
53,129439,49,55,80
54,128254,49,86,171
55,411301,35,24,175
56,306156,60,76,199
57,408903,83,59,174
58,138145,24,75,169
59,322423,85,47,81
60,328385,41,49,70
61,346757,37,69,186
62,237437,73,41,121
63,410578,56,12,89
64,291489,82,13,191
65,387962,64,95,156
66,131950,59,88,59
67,384417,100,97,112
68,128813,81,69,173
69,159453,78,98,100
70,321695,83,81,194
71,141942,48,5,93
72,401621,20,54,80
73,414697,51,56,120
74,239711,54,10,190
75,367267,32,7,51
76,280106,44,23,190
77,373458,60,63,123
78,305225,33,21,177
79,119737,76,57,105
80,403415,63,6,179
81,391457,30,51,192
82,399346,87,19,166
83,379684,47,6,69
84,387012,39,64,152
85,406811,88,23,151
86,491107,47,90,158
87,329057,53,39,75
88,176799,95,79,118
89,444891,94,91,129
90,362197,89,78,76
91,278445,44,44,136
92,309506,40,7,139
93,398097,29,71,120
94,409067,29,45,89
95,487295,32,66,162
96,288437,24,21,115
97,397863,37,52,61
98,336524,35,73,174
99,379209,79,96,99
100,354932,31,91,64
101,126236,54,70,148
102,445201,93,63,132
103,837,60,13,146
104,417388,90,38,162
105,392377,81,59,134
106,352305,23,84,144
107,166010,94,55,58
108,229093,73,5,188
109,406711,92,28,53
110,398116,61,75,57
111,471816,86,42,169
112,156830,90,65,119
113,187081,89,14,103
114,483645,75,95,64
115,107669,77,25,155
116,348637,71,33,80
117,352067,36,32,152
118,167838,23,10,120
119,284633,43,20,163
120,116909,74,30,133
121,169554,98,20,50
122,190171,58,46,77
123,109297,28,20,146
124,274215,62,40,104
125,7719,61,22,104
126,288756,84,70,184
127,258355,49,27,78
128,232173,87,36,68
129,282975,38,21,89
130,246493,46,24,142
131,311540,32,84,139
132,396968,72,88,121
133,388248,45,81,90
134,364626,88,13,61
135,320837,99,87,184
136,489813,32,35,134
137,293486,54,86,156
138,199553,35,63,141
139,401247,40,58,104
140,352360,68,21,127
141,419431,29,27,50
142,187569,36,34,173
143,294221,40,13,77
144,361268,57,48,193
145,227420,55,100,124
146,356573,41,8,139
147,305907,42,9,106
148,450913,57,17,102
149,149636,54,67,77
150,330256,50,85,161
151,443813,95,24,115
152,256330,79,10,186
153,369348,40,85,63
154,353717,32,51,119
155,93121,26,77,97
156,351128,49,37,128
157,5263,60,62,77
158,356286,49,98,191
159,406037,82,21,79
160,286646,93,6,68
161,104877,43,72,169
162,385921,56,50,127
163,405442,60,54,63
164,276636,83,96,138
165,386470,80,92,151
166,305998,87,95,116
167,109048,32,9,168
168,411111,31,94,159
169,140144,60,98,184
170,445401,43,100,148
171,431025,46,57,66
172,390801,47,97,172
173,389985,60,91,187
174,321306,27,32,181
175,225726,58,78,119
176,326489,36,92,57
177,110791,74,62,162
178,360716,26,78,96
179,105749,98,6,116
180,413971,73,36,119
181,176002,77,41,136
182,133761,90,83,87
183,476541,65,29,153
184,338217,22,31,146
185,389949,77,90,122
186,274976,87,31,191
187,448206,46,33,151
188,306921,77,37,74
189,466262,73,12,75
190,395797,61,76,121
191,391702,89,59,130
192,349921,56,42,70
193,490114,88,95,77
194,102630,76,82,52
195,253982,60,99,167
196,295510,70,35,143
197,316086,20,92,172
198,293434,50,54,193
199,235396,54,47,93
200,283560,96,8,73
201,337257,83,38,156
202,315229,31,73,113
203,451200,87,73,70
204,352881,44,23,116
205,129824,82,15,70
206,310254,75,5,138
207,278975,76,32,58
208,395460,58,94,153
209,319427,66,34,132
210,369099,46,78,174
211,168416,81,55,180
212,171274,23,27,76
213,286932,37,77,177
214,156592,24,94,114
215,220394,63,32,62
216,329989,98,57,147
217,316759,38,48,176
218,295171,71,5,101
219,371470,53,17,147
220,398919,44,86,178
221,33279,38,42,200
222,489644,97,78,142
223,177229,98,8,116
224,410886,51,67,50
225,394108,86,10,125
226,346434,96,53,50
227,372279,38,89,199
228,305718,58,40,66
229,279708,29,67,109
230,461614,41,8,165
231,374763,46,86,76
232,346501,81,81,104
233,351782,79,28,127
234,323096,59,49,148
235,359192,87,18,100
236,2045,65,41,184
237,379701,32,84,153
238,128239,40,94,77
239,398704,54,10,199
240,409083,30,98,173
241,287957,98,97,199
242,233381,68,62,81
243,309490,83,59,173
244,364224,26,28,113
245,246144,59,44,165
246,128680,37,21,115
247,295264,94,88,61
248,251572,83,55,189
249,380905,68,69,79
250,16363,36,82,135
251,491003,77,34,185
252,349027,79,39,171
253,264117,48,23,174
254,359875,55,87,184
255,86874,80,34,104
256,286356,96,84,152
257,316833,71,13,149
258,296456,58,100,167
259,299154,94,52,129
260,233466,20,19,114
261,236362,67,36,196
262,405236,87,41,185
263,69823,69,12,77
264,5434,42,60,117
265,285850,42,98,138
266,323615,31,68,193
267,287234,57,8,160
268,335315,27,32,115
269,228439,95,85,154
270,260422,94,32,154
271,244398,57,79,187
272,100027,94,91,68
273,349865,67,83,185
274,444968,49,21,146
275,110921,35,90,127
276,181750,23,48,134
277,348444,68,16,136
278,488592,34,53,90
279,333218,42,13,57
280,288363,79,43,102
281,107256,42,66,139
282,254141,38,95,98
283,325975,32,46,50
284,239932,37,45,164
285,318673,89,28,152
286,369158,32,37,160
287,355789,92,93,131
288,113507,52,42,54
289,374116,20,36,75
290,346233,37,10,109
291,380892,25,60,100
292,188950,67,42,106
293,357196,70,85,79
294,359505,75,79,141
295,521427,88,96,71
296,349324,82,21,198
297,371462,32,67,174
298,316163,32,42,188
299,361557,93,67,86
300,342871,92,80,125
301,127723,21,56,90
302,352385,68,67,168
303,328644,33,62,79
304,480659,83,90,192
305,368417,96,80,136
306,199538,80,26,137
307,346891,71,21,95
308,220259,87,15,137
309,289124,88,43,109
310,110851,79,100,92
311,129572,85,95,199
312,518017,63,29,181
313,267432,36,61,129
314,398740,37,33,56
315,357043,51,11,199
316,228489,62,8,138
317,419403,74,20,77
318,358937,47,73,131
319,188854,92,64,113
320,173610,41,71,165
321,323704,77,56,179
322,321047,73,49,98
323,282438,43,82,199
324,248091,56,94,199
325,249440,82,100,167
326,450696,24,100,131
327,225384,26,34,200
328,151026,58,81,92
329,390402,33,87,172
330,369107,39,94,162
331,369294,31,68,187
332,349090,43,45,107
333,378758,30,6,137
334,488488,56,61,60
335,377843,40,13,131
336,232793,41,52,94
337,451201,52,49,59
338,375058,44,74,70
339,351605,36,6,197
340,103736,74,98,151
341,180625,71,88,142
342,388465,92,36,145
343,312738,44,68,166
344,17297,65,29,105
345,293954,74,96,164
346,216087,36,100,172
347,344946,77,77,76
348,129352,65,45,177
349,354212,76,81,75
350,329771,100,78,145
351,56581,20,73,104
352,126388,60,11,200
353,351854,63,65,77
354,311095,79,36,192
355,334447,26,60,104
356,308039,51,12,150
357,282049,75,16,123
358,275299,63,26,158
359,353708,40,16,163
360,1171,56,37,140
361,385219,60,88,165
362,377306,77,29,61
363,233546,75,66,103
364,400655,28,11,63
365,395890,90,19,181
366,428133,55,79,58
367,149401,26,18,173
368,174339,39,98,138
369,390366,75,26,184
370,330271,74,79,144
371,294295,85,38,131
372,382440,91,18,63
373,328494,89,49,59
374,108163,37,11,164
375,387718,27,27,101
376,249706,100,13,88
377,3250,55,51,166
378,228105,59,97,103
379,315459,54,78,155
380,367014,84,51,77
381,488404,22,72,158
382,348472,68,5,149
383,275842,68,75,161
384,6350,20,91,168
385,445768,81,98,111
386,401841,69,79,126
387,417863,50,41,96
388,274780,27,64,197
389,367585,87,49,166
390,310270,93,85,127
391,362896,63,57,124
392,298235,91,74,61
393,296508,32,79,200
394,362172,25,43,83
395,185714,77,52,164
396,394091,33,31,109
397,366516,90,47,179
398,416352,46,35,121
399,110441,89,17,73
