0,358482,21,6,91
1,402573,47,49,147
2,111235,52,52,168
3,271568,50,43,138
4,326407,55,61,66
5,384699,32,23,136
6,340872,34,75,50
7,419409,65,15,135
8,227606,92,25,94
9,225681,71,32,109
10,490032,59,74,100
11,369600,94,14,190
12,260964,100,25,75
13,452126,75,15,62
14,231954,84,54,129
15,274041,43,45,107
16,65647,88,85,90
17,362046,73,35,91
18,407807,86,60,74
19,278642,24,11,52
20,371134,40,65,50
21,226097,58,24,138
22,412847,71,56,153
23,461060,78,14,102
24,417849,70,78,104
25,384883,77,7,140
26,357238,39,30,125
27,243817,23,45,120
28,137652,40,17,52
29,308669,54,95,132
30,86945,37,86,155
31,294387,28,27,85
32,367266,94,57,57
33,189833,23,24,59
34,418864,22,86,61
35,382339,30,8,61
36,169756,46,6,196
37,249025,46,39,86
38,116806,43,6,99
39,372266,61,63,54
40,378095,75,24,69
41,287039,80,86,86
42,340691,95,79,81
43,330371,41,5,122
44,387609,55,93,143
45,413241,75,30,141
46,171798,58,14,138
47,109447,98,39,74
48,414450,36,13,53
49,360241,79,28,195
50,3672,36,81,86
51,379372,48,50,100
52,363055,22,68,154
53,208575,93,63,125
54,490153,63,28,150
55,316632,21,36,67
56,182643,54,48,194
57,311328,90,63,178
58,244786,68,34,62
59,369588,81,49,113
60,414778,68,53,161
61,315888,47,69,121
62,295054,92,36,149
63,168261,84,58,166
64,397181,54,37,83
65,232199,80,90,63
66,371720,70,96,143
67,277099,51,34,145
68,370970,59,47,74
69,394293,84,55,135
70,226779,45,47,50
71,413061,62,58,70
72,406667,23,45,146
73,364492,31,49,110
74,362504,70,33,168
75,367521,77,66,198
76,160211,78,31,156
77,284339,70,52,52
78,397128,55,95,116
79,309989,94,45,181
80,358699,81,40,184
81,149518,91,74,189
82,343904,100,63,146
83,412224,50,56,166
84,388855,27,59,145
85,170771,97,35,179
86,89411,36,96,149
87,396618,93,5,175
88,320483,22,60,198
89,65642,62,47,173
90,127359,63,26,120
91,113613,85,59,69
92,297518,27,22,94
93,33645,88,17,174
94,295185,52,42,132
95,390041,89,87,151
96,387125,35,97,81
97,358227,25,59,132
98,231324,47,20,62
99,190236,85,62,114
100,173753,99,49,51
101,368013,45,16,182
102,340663,93,100,71
103,370302,34,21,66
104,365658,23,97,151
105,478048,53,94,90
106,220199,63,22,134
107,159994,43,16,58
108,403044,32,56,143
109,172957,82,67,113
110,172996,95,99,186
111,305417,36,82,159
112,238740,56,17,162
113,246355,88,95,193
114,184788,45,6,168
115,291800,81,46,121
116,389309,38,74,105
117,286709,36,59,133
118,408673,30,92,59
119,408767,80,87,191
120,234322,34,88,165
121,113614,38,89,92
122,411607,63,11,130
123,408149,58,45,127
124,413111,74,39,59
125,234361,50,53,166
126,344238,27,58,57
127,387159,90,75,148
128,150845,88,72,89
129,362755,95,13,171
130,398607,85,44,136
131,398027,76,44,157
132,397867,81,8,184
133,401831,33,21,121
134,180453,97,69,139
135,2365,84,82,187
136,308459,95,52,50
137,103591,40,46,161
138,353463,54,31,80
139,428453,44,21,124
140,310576,93,51,171
141,327458,43,90,104
142,411154,76,7,156
143,358643,68,65,66
144,411450,25,86,147
145,1257,37,82,91
146,171044,100,44,160
147,326660,27,17,147
148,65544,34,36,110
149,406539,37,75,127
150,378511,90,38,169
151,344485,44,32,110
152,377834,31,63,193
153,405807,52,31,162
154,358303,62,5,191
155,443841,53,16,70
156,91087,49,27,72
157,281502,71,93,199
158,290337,61,16,124
159,234000,53,82,101
160,7119,21,54,92
161,350623,67,57,146
162,168456,88,51,53
163,295742,54,22,123
164,412090,40,68,167
165,108858,85,5,56
166,408885,84,31,136
167,316485,87,94,192
168,367586,83,89,179
169,107912,58,79,164
170,62170,48,68,147
171,373288,36,50,59
172,220453,77,89,158
173,414737,52,14,154
174,297023,78,90,140
175,159980,68,26,187
176,119347,35,95,93
177,389978,94,52,132
178,313105,94,99,141
179,475527,98,43,60
180,366681,81,10,87
181,310932,38,91,91
182,191373,50,15,146
183,242576,36,24,113
184,309166,39,16,133
185,113606,63,58,70
186,296258,35,42,55
187,186160,85,27,178
188,397190,93,64,79
189,294010,37,76,194
190,405401,47,68,195
191,400160,73,46,70
192,235351,43,73,67
193,250615,73,67,76
194,270463,24,58,83
195,286081,93,63,86
196,333327,44,81,67
197,280510,31,87,192
198,423670,22,100,176
199,388249,47,34,120
200,297047,42,81,162
201,356819,53,13,118
202,258017,63,25,83
203,428068,30,58,53
204,317507,25,84,196
205,109762,46,52,153
206,356834,95,46,153
207,186982,47,37,162
208,451247,40,7,89
209,373881,93,76,82
210,306109,39,64,109
211,473855,74,44,196
212,231664,99,43,186
213,236462,41,5,77
214,388198,80,48,84
215,366927,59,34,66
216,112626,21,91,124
217,62010,68,100,52
218,305371,87,13,82
219,324470,27,77,187
220,234883,20,56,185
221,364371,41,89,51
222,306426,42,57,150
223,305760,84,100,164
224,334066,91,47,77
225,322286,92,94,101
226,278707,51,22,111
227,285533,35,91,91
228,113618,99,26,83
229,443418,100,40,157
230,318022,55,10,191
231,187629,28,86,156
232,277397,49,51,93
233,55470,65,89,53
234,33294,96,95,98
235,113002,87,10,52
236,414155,69,34,105
237,169144,34,20,75
238,141820,67,89,52
239,4651,69,73,166
240,413629,45,7,77
241,404580,39,78,151
242,232740,63,36,105
243,20730,56,81,136
244,406582,87,43,96
245,384233,49,5,105
246,409090,82,35,64
247,406644,52,94,156
248,339215,38,75,147
249,368123,36,66,133
250,260943,43,30,54
251,368085,67,80,92
252,251762,69,70,89
253,399357,75,28,195
254,346370,61,84,109
255,233290,48,10,163
256,375026,73,38,160
257,231745,91,60,178
258,257003,23,63,167
259,322744,100,16,177
260,427053,53,80,55
261,344515,70,55,105
262,356894,95,96,110
263,356783,74,65,65
264,359651,50,7,115
265,308994,58,32,154
266,308893,46,46,163
267,379821,32,60,65
268,326651,67,57,78
269,151392,77,19,195
270,101759,69,99,188
271,112651,86,51,58
272,422253,65,6,143
273,402598,41,81,130
274,90877,29,69,126
275,310332,25,30,182
276,363228,37,93,120
277,343728,93,5,133
278,402925,39,67,147
279,297782,82,66,120
280,325513,47,50,184
281,280608,52,93,80
282,416797,35,60,100
283,436136,61,70,87
284,179909,74,97,69
285,325894,87,36,93
286,361751,93,27,175
287,352844,74,16,185
288,396470,33,35,109
289,306714,35,52,118
290,234173,66,80,86
291,400109,90,21,54
292,238605,37,39,79
293,336636,83,44,79
294,349481,61,5,91
295,151428,64,95,106
296,390946,89,56,135
297,277722,55,68,60
298,6706,83,75,136
299,418854,71,31,91
