0,519477,85,91,147
1,330793,31,63,109
2,395794,23,79,52
3,279390,22,69,62
4,55845,96,12,196
5,299878,73,11,198
6,227230,78,33,91
7,405443,38,11,68
8,298441,71,32,142
9,227180,61,86,106
10,205443,89,24,145
11,188633,22,98,169
12,286006,27,11,112
13,383056,52,47,50
14,172909,76,6,165
15,407091,91,41,110
16,308178,68,81,102
17,192354,74,41,86
18,86989,90,62,107
19,329989,93,75,153
20,434828,70,68,154
21,410759,72,39,80
22,445117,49,27,132
23,333984,82,21,104
24,481577,62,99,97
25,187979,25,26,58
26,346043,45,35,82
27,244351,96,42,71
28,405694,67,50,181
29,376200,47,43,196
30,282023,55,19,161
31,186567,22,68,110
32,446414,39,38,102
33,333384,90,16,85
34,320393,93,28,174
35,106066,90,51,148
36,350522,48,65,53
37,443682,83,85,178
38,299460,66,53,154
39,33531,84,90,152
40,262088,90,75,122
41,444099,100,77,115
42,116124,88,57,176
43,354479,89,54,181
44,150984,97,69,157
45,474299,58,51,92
46,355886,61,68,102
47,342775,73,93,122
48,266572,30,99,54
49,387428,80,73,121
50,385322,95,36,87
51,344012,51,81,188
52,395299,62,13,72
53,361027,35,69,155
54,175183,64,36,153
55,418615,94,95,153
56,172308,47,97,54
57,232135,45,63,103
58,413429,64,96,111
59,342316,77,53,190
60,359041,51,32,97
61,102249,51,18,57
62,380440,32,6,154
63,356105,74,44,161
64,377120,28,60,170
65,404663,53,71,135
66,229670,44,36,67
67,6983,99,39,192
68,321733,82,37,137
69,470611,66,80,133
70,348771,44,64,127
71,360251,26,24,141
72,409457,84,39,196
73,259237,27,54,79
74,335675,34,43,90
75,112542,26,49,67
76,386266,71,88,63
77,363228,21,52,172
78,325882,98,93,108
79,412974,85,100,138
80,203904,42,52,57
81,234201,52,30,168
82,418743,69,97,85
83,243967,70,96,61
84,489624,55,76,71
85,407655,28,80,158
86,55879,71,9,184
87,365839,25,100,175
88,294119,56,63,177
89,250169,20,43,125
90,429417,22,19,79
91,358637,75,93,67
92,327880,84,24,84
93,359987,46,69,84
94,244758,47,34,53
95,403462,32,82,193
96,171152,44,64,112
97,436423,72,53,176
98,285647,76,100,153
99,171258,61,20,68
100,191477,93,32,85
101,351244,80,75,155
102,154128,60,74,102
103,273603,51,83,188
104,89240,76,51,75
105,313400,33,68,119
106,342917,41,31,120
107,412428,20,10,69
108,102453,32,54,190
109,293454,44,31,109
110,376527,81,43,148
111,182662,23,67,159
112,327930,76,29,78
113,267445,69,69,173
114,416971,44,19,105
115,352306,59,59,95
116,329321,65,41,188
117,220493,84,79,86
118,367566,57,42,168
119,260483,92,77,169
120,390732,28,47,167
121,290489,92,31,53
122,406452,70,31,68
123,404139,88,70,134
124,238196,63,18,92
125,186364,59,95,171
126,308279,93,97,160
127,236847,36,55,64
128,339511,24,88,55
129,296079,51,34,57
130,314457,26,68,182
131,332863,83,45,152
132,414675,30,42,127
133,260914,33,93,154
134,186902,40,48,58
135,385810,79,46,196
136,445360,89,58,151
137,242414,50,82,135
138,187006,71,87,55
139,456318,97,46,73
140,224798,58,76,163
141,361485,22,93,130
142,225225,91,32,68
143,404928,74,95,102
144,361650,32,50,190
145,388427,49,67,102
146,310622,89,33,135
147,408432,97,71,99
148,343417,71,81,157
149,5842,82,41,50
150,332398,29,28,157
151,234819,90,100,153
152,312011,67,28,189
153,488938,27,87,183
154,478537,70,57,147
155,369269,96,13,100
156,235222,69,89,166
157,411513,33,83,199
158,390830,65,73,81
159,243379,38,28,134
160,310656,87,86,160
161,340702,71,14,146
162,290597,76,87,188
163,375123,62,49,65
164,380089,69,55,124
165,225297,66,18,52
166,87121,97,31,179
167,483313,56,62,119
168,116838,78,9,121
169,326566,97,41,92
170,394964,42,62,184
171,152656,89,15,153
172,353697,61,13,81
173,280431,51,73,177
174,383154,51,48,183
175,416341,44,73,128
176,444665,85,40,123
177,242857,56,60,151
178,168508,62,39,193
179,356432,94,49,121
180,405954,32,24,93
181,332077,78,67,133
182,427943,66,86,129
183,109059,51,59,136
184,372717,85,78,93
185,405443,91,92,61
186,2526,77,57,148
187,412753,46,63,156
188,490442,21,26,196
189,149832,83,44,67
190,62566,62,38,182
191,184068,94,45,167
192,231640,96,5,119
193,269964,35,36,193
194,384513,88,23,200
195,321119,44,11,55
196,443603,53,72,99
197,62635,43,98,179
198,391939,64,59,77
199,398526,21,95,103
200,186363,45,53,182
201,109900,90,27,127
202,262533,63,12,113
203,142205,24,32,151
204,131482,40,75,138
205,57092,35,13,181
206,228259,43,54,84
207,149086,42,36,92
208,411036,58,88,54
209,389415,75,96,99
210,522963,53,84,145
211,131765,47,24,74
212,110617,96,49,138
213,401973,74,45,161
214,404014,94,30,77
215,190308,39,25,85
216,316436,22,86,154
217,376598,82,55,151
218,275667,79,32,141
219,396230,63,70,80
220,405046,90,15,121
221,168764,85,98,83
222,458890,96,53,138
223,168966,94,81,169
224,389887,60,45,96
225,405485,30,67,67
226,389150,99,60,99
227,174375,55,33,97
228,3251,88,95,119
229,284130,50,25,88
230,490832,37,97,133
231,188493,20,65,54
232,491440,35,40,80
233,369574,43,41,96
234,399884,92,70,116
235,185509,93,94,174
236,321626,87,36,146
237,140889,80,16,62
238,364580,35,83,73
239,381485,73,8,72
240,325808,45,30,197
241,335442,78,95,183
242,62011,97,52,130
243,409770,98,74,175
244,111237,25,61,102
245,395259,75,34,184
246,392496,85,83,183
247,358569,27,88,127
248,244810,38,90,107
249,343531,28,59,147
250,392267,29,87,152
251,370365,55,25,161
252,299421,69,9,138
253,426458,48,67,136
254,326354,38,68,137
255,55541,52,53,126
256,100374,97,99,99
257,166441,77,46,55
258,349526,92,16,105
259,356877,29,55,192
260,469306,82,74,137
261,180401,24,82,52
262,316655,92,96,137
263,323043,62,50,192
264,184913,45,48,75
265,298455,60,48,172
266,342845,21,70,130
267,371129,58,15,104
268,396064,88,35,106
269,489448,85,22,94
270,329655,100,22,61
271,396682,87,31,144
272,346814,50,61,53
273,310132,22,66,146
274,354288,59,90,148
275,388427,73,61,91
276,343481,22,8,167
277,231069,56,81,84
278,56536,52,14,61
279,312489,76,14,55
280,402255,96,7,93
281,378797,23,84,136
282,127689,91,32,143
283,308486,95,80,71
284,410948,30,63,93
285,129383,36,81,83
286,293068,55,49,195
287,351808,98,91,82
288,345666,87,45,170
289,441739,78,100,65
290,152382,65,98,188
291,359447,86,39,154
292,393968,54,59,64
293,316013,62,94,101
294,180655,71,95,50
295,450583,64,29,70
296,268446,51,51,187
297,269628,49,79,61
298,311471,73,89,183
299,287827,45,11,140
300,342278,95,84,199
301,186479,55,75,58
302,149134,65,17,61
303,408617,85,88,67
304,287351,97,19,181
305,298106,87,99,89
306,475532,95,66,121
307,489666,75,46,198
308,379460,27,77,54
309,395308,80,65,126
310,292058,55,41,81
311,294556,53,62,169
312,107786,65,7,113
313,281745,48,30,80
314,402006,83,91,170
315,479359,23,44,63
316,261040,49,24,115
317,399370,72,48,56
318,394592,65,73,74
319,28705,64,38,184
320,57092,51,77,180
321,340429,35,23,170
322,318441,91,96,163
323,255983,40,38,85
324,319203,99,97,67
325,311719,82,91,164
326,413635,31,80,147
327,209526,57,61,162
328,204530,64,6,126
329,390556,40,37,146
330,370763,83,82,191
331,305921,57,25,56
332,322990,47,18,104
333,398509,60,6,151
334,398190,25,72,166
335,319204,68,72,193
336,341867,22,81,180
337,344454,98,18,143
338,387603,68,57,121
339,224069,51,88,76
340,418896,20,26,152
341,338082,52,43,60
342,255986,54,97,153
343,307812,42,75,129
344,298019,21,83,100
345,295621,73,7,60
346,186863,60,71,121
347,356912,71,76,76
348,346783,74,47,140
349,363790,69,12,124
350,466183,35,17,75
351,407825,44,26,135
352,372886,89,48,165
353,298717,72,52,193
354,32925,57,19,66
355,488594,21,14,107
356,170336,95,34,141
357,100241,60,93,168
358,244026,98,94,79
359,462878,87,26,145
360,456264,44,34,111
361,347549,70,15,132
362,416623,44,90,88
363,482225,95,59,117
364,5427,89,49,150
365,193677,79,55,114
366,103231,88,89,103
367,293805,85,97,74
368,127379,66,49,56
369,292810,59,8,108
370,352533,91,68,92
371,295666,50,20,167
372,232417,26,9,131
373,141807,53,55,170
374,418561,44,23,173
375,254961,79,36,174
376,227277,37,71,89
377,228898,84,34,133
378,332174,95,43,67
379,186517,99,22,93
380,3392,80,53,124
381,182071,79,17,56
382,355006,84,37,126
383,411791,47,6,178
384,305905,69,24,127
385,313293,48,44,132
386,178771,56,98,72
387,279267,100,90,185
388,368137,36,55,187
389,110472,51,42,128
390,223803,30,29,141
391,354202,82,89,138
392,127126,72,33,63
393,106623,50,23,114
394,350483,31,36,189
395,348013,91,69,160
396,235142,78,71,172
397,410739,66,86,174
398,352633,48,65,137
399,295925,94,72,200
400,309804,92,100,194
401,350443,73,74,122
402,248733,90,72,60
403,380445,94,33,67
404,385225,77,19,158
405,431528,89,59,170
406,307736,64,46,54
407,137314,67,22,187
408,273318,38,25,58
409,362792,22,6,115
410,296287,65,10,144
411,219970,57,54,108
412,360010,96,93,109
413,357912,74,76,150
414,400552,43,59,57
415,379483,25,47,77
416,476348,97,49,168
417,441318,88,96,143
418,405768,95,67,72
419,413920,24,87,138
420,392581,63,53,59
421,154582,82,51,176
422,488433,55,31,77
423,379330,41,79,110
424,353171,89,79,107
425,262954,32,94,95
426,306815,44,61,77
427,394554,82,69,192
428,379646,86,24,84
429,342160,69,47,161
430,286239,39,23,141
431,349152,33,56,105
432,171927,72,88,79
433,181479,39,44,132
434,404026,28,97,61
435,360181,93,6,111
436,260408,68,59,139
437,180903,20,69,179
438,234189,83,76,65
439,110760,81,68,78
440,310715,50,36,66
441,391290,94,30,142
442,370309,97,50,194
443,77337,85,20,102
444,405232,84,22,152
445,461048,31,62,167
446,242674,45,12,84
447,277001,34,97,168
448,324469,60,23,103
449,396176,100,23,147
450,406763,55,5,89
451,317608,30,69,131
452,444909,88,70,83
453,150628,85,38,174
454,285440,80,20,185
455,403300,31,59,187
456,149259,82,26,130
457,318970,21,76,133
458,274871,50,68,57
459,463893,36,84,84
460,348518,21,12,167
461,308739,34,16,131
462,287434,87,31,111
463,411638,89,63,51
464,504761,49,10,167
465,417469,42,64,96
466,322836,34,19,116
467,287929,20,14,133
468,185766,63,75,171
469,417328,80,29,158
470,394481,69,54,67
471,317538,45,91,194
472,344671,23,28,68
473,237546,82,9,119
474,297864,73,44,75
475,328088,22,22,88
476,328576,64,66,116
477,395687,39,86,192
478,314962,37,16,140
479,182702,36,77,155
480,490925,55,74,91
481,205838,52,85,182
482,275974,26,37,137
483,239149,61,29,164
484,368453,78,76,183
485,419208,21,86,58
486,8608,90,33,164
487,372152,61,67,76
488,293908,43,65,171
489,367915,32,10,85
490,33665,38,55,125
491,355817,60,30,51
492,232565,91,88,148
493,229512,90,88,136
494,224627,99,10,134
495,329959,61,8,158
496,390360,61,28,160
497,387547,80,80,140
498,369569,98,44,115
499,176382,30,25,128
500,414343,47,16,194
501,358752,48,17,63
502,359096,96,51,55
503,361899,88,90,111
504,377289,81,38,155
505,367796,93,13,115
506,188679,46,81,180
507,321566,44,40,80
508,235432,42,28,140
509,416589,27,40,125
510,256017,82,42,142
511,429785,90,79,186
512,88558,92,5,100
513,392908,83,7,147
514,360192,81,88,93
515,246272,48,35,199
516,407696,39,5,93
517,387171,27,9,146
518,352984,24,75,117
519,365952,87,6,71
520,398541,39,10,157
521,286187,57,22,178
522,401052,93,89,131
523,195856,26,15,169
524,487942,85,77,183
525,298325,30,30,196
526,177249,87,52,109
527,444283,68,40,180
528,402566,38,58,171
529,402882,32,15,61
530,243675,77,33,200
531,350437,35,39,63
532,435929,63,63,121
533,267419,75,58,190
534,229064,61,12,80
535,449806,41,46,58
536,355964,50,89,192
537,150345,55,97,176
538,351820,68,94,70
539,189750,78,97,123
540,371717,20,61,112
541,250736,88,89,174
542,246442,94,73,86
543,366262,71,91,137
544,90965,22,90,118
545,334168,29,40,100
546,324125,97,89,137
547,225563,26,79,64
548,361362,32,14,157
549,227368,28,42,151
550,227424,67,53,164
551,292214,56,59,186
552,287682,62,80,129
553,360614,96,93,197
554,282113,98,84,72
555,285549,99,69,61
556,232412,82,50,139
557,344787,41,87,118
558,363431,23,95,139
559,425643,80,28,185
560,410160,34,7,120
561,306587,46,42,182
562,291071,27,56,146
563,184649,33,26,189
564,171519,35,40,128
565,444386,55,24,60
566,474535,37,48,98
567,246625,68,98,81
568,293183,61,12,89
569,56405,83,58,151
570,126654,81,6,55
571,434837,21,79,98
572,232720,24,53,158
573,312386,68,74,78
574,227331,20,89,191
575,354894,74,5,153
576,378562,69,18,125
577,416437,25,32,177
578,88794,51,85,154
579,297358,54,37,99
580,226229,92,31,67
581,1153,41,53,69
582,183493,31,83,119
583,230380,46,51,89
584,314798,42,11,53
585,189374,53,37,94
586,401794,96,75,112
587,274429,76,12,142
588,7123,88,70,181
589,463193,76,87,131
590,62482,65,35,125
591,370179,88,98,145
592,194713,81,38,98
593,373239,27,73,54
594,369357,49,93,61
595,373657,70,12,85
596,276124,33,38,164
597,412164,20,41,177
598,294621,77,40,69
599,233509,99,70,94
