0,354012,93,24,139
1,377499,77,66,117
2,169156,50,21,67
3,306713,78,82,69
4,232688,84,15,149
5,312597,65,52,176
6,255950,49,84,130
7,235741,46,85,163
8,151126,29,68,112
9,388151,69,68,75
10,403279,84,92,96
11,401584,53,72,116
12,173950,45,20,136
13,103483,35,9,57
14,182546,47,44,98
15,363366,48,57,145
16,344996,66,37,129
17,286093,29,74,174
18,241742,81,46,102
19,240239,45,17,199
20,182302,45,18,50
21,416259,20,65,152
22,360621,90,13,121
23,297381,43,62,196
24,338070,50,53,166
25,407313,64,43,158
26,150527,39,12,61
27,176803,36,51,200
28,357758,64,89,90
29,397737,66,30,157
30,294618,25,10,112
31,164203,84,91,149
32,310374,77,43,55
33,370360,46,59,169
34,187563,73,66,188
35,233349,44,96,82
36,340998,22,23,66
37,56413,45,11,153
38,406726,41,63,51
39,470138,37,23,134
40,387217,35,93,99
41,445282,76,96,76
42,309748,59,73,88
43,276669,67,9,87
44,106268,90,88,189
45,330377,24,89,180
46,375438,76,20,158
47,352991,33,62,172
48,348673,29,71,132
49,436646,32,43,186
50,109059,28,55,123
51,161303,69,65,111
52,349648,67,87,57
53,103673,39,51,149
54,335971,86,73,83
55,150551,95,33,161
56,333778,71,41,152
57,327796,83,82,96
58,122403,24,25,159
59,115276,21,98,127
60,266602,66,53,138
61,290301,46,64,54
62,231551,64,65,190
63,126999,86,53,112
64,254506,21,80,70
65,110665,59,84,90
66,360789,100,38,117
67,317495,92,98,140
68,69548,39,73,65
69,182870,83,14,164
70,333124,42,40,193
71,213888,58,17,122
72,186994,22,92,161
73,371016,85,26,120
74,192135,31,50,141
75,313102,32,6,137
76,354990,85,99,188
77,65569,55,99,113
78,290418,26,85,107
79,187149,80,60,156
80,6687,91,46,137
81,489185,92,20,74
82,351198,28,100,98
83,347956,50,80,94
84,252224,63,76,164
85,274956,43,14,121
86,415692,34,57,186
87,390167,53,97,145
88,150352,94,99,83
89,33259,77,82,66
90,318140,62,81,181
91,176339,37,69,148
92,132429,69,55,176
93,369328,100,50,171
94,190736,38,22,189
95,327190,23,41,104
96,299704,52,90,168
97,411328,82,17,117
98,451189,51,91,170
99,445617,74,72,163
