0,328643,50,34,90
1,3408,27,41,191
2,353989,86,37,149
3,355586,78,16,67
4,329378,96,62,80
5,411198,41,66,174
6,416960,68,71,95
7,139837,64,56,186
8,271700,100,14,102
9,366215,88,60,193
10,311374,89,93,111
11,315727,27,18,89
12,342758,53,19,128
13,443677,80,28,105
14,416147,30,31,157
15,172365,31,9,179
16,106,89,14,82
17,334689,33,22,146
18,246246,99,52,137
19,187739,71,41,71
20,356909,59,42,76
21,380479,38,79,56
22,326829,44,41,89
23,444824,91,96,188
24,346927,96,51,185
25,349491,42,31,118
26,185443,93,10,139
27,315600,98,99,64
28,243521,98,77,139
29,388144,86,9,63
30,311165,37,83,119
31,298200,89,46,123
32,232577,93,26,55
33,288546,28,16,147
34,130210,83,93,116
35,336774,56,93,138
36,403840,59,78,182
37,221595,31,88,181
38,287209,100,60,145
39,140282,97,73,168
40,353634,35,65,65
41,375492,95,26,195
42,126298,40,7,133
43,353001,41,73,50
44,250060,87,23,61
45,394030,44,43,97
46,305512,57,54,133
47,200270,61,82,83
48,404153,55,64,138
49,279305,64,8,102
50,374787,96,12,195
51,489662,98,19,194
52,409096,21,39,72
53,383935,83,30,107
54,119420,40,59,107
55,291500,44,75,177
56,56629,54,74,198
57,346589,34,94,142
58,275463,49,34,131
59,184872,65,53,114
60,64084,78,82,131
61,182493,26,31,84
62,397186,66,20,59
63,397030,60,53,122
64,412999,38,88,50
65,406423,90,45,189
66,392284,74,63,179
67,158859,39,54,84
68,319279,29,34,118
69,333060,56,47,69
70,156336,29,80,120
71,189753,96,98,177
72,328368,88,90,106
73,365461,82,57,76
74,283877,64,54,178
75,347256,56,31,83
76,474233,55,38,108
77,321570,73,50,164
78,345889,70,99,67
79,142423,52,58,76
80,286209,94,59,112
81,275727,32,20,137
82,165332,68,22,199
83,286949,58,26,117
84,458883,38,19,57
85,491125,87,5,98
86,290819,34,87,122
87,387295,23,12,188
88,346920,71,16,146
89,380577,64,54,126
90,338863,56,29,189
91,261966,84,9,131
92,210529,90,37,166
93,64166,70,37,183
94,183674,29,47,69
95,317544,42,5,71
96,358779,84,69,148
97,61795,92,55,72
98,305879,53,34,199
99,377103,27,31,193
100,367935,90,31,177
101,56499,38,56,133
102,259932,38,31,133
103,394823,65,63,124
104,376932,62,70,147
105,306793,24,84,136
106,343573,50,93,122
107,180251,98,27,84
108,401149,77,60,153
109,412402,54,11,148
110,390974,36,99,85
111,279137,74,7,102
112,29435,44,62,168
113,393883,24,11,121
114,111528,67,83,142
115,15067,62,58,156
116,231636,41,91,113
117,170244,52,46,123
118,391050,71,96,190
119,182217,81,34,109
120,225905,42,14,153
121,69306,65,6,79
122,373865,61,21,78
123,310811,49,43,93
124,237960,81,62,72
125,376658,57,23,132
126,379675,77,19,91
127,293493,82,56,154
128,170115,89,95,129
129,325426,87,91,151
130,365224,53,67,188
131,474153,25,31,170
132,407972,74,10,181
133,306935,48,57,118
134,366334,79,9,70
135,338877,73,87,134
136,347670,22,79,189
137,391348,49,52,52
138,314697,62,25,135
139,410049,21,70,131
140,307203,44,13,95
141,319494,65,94,135
142,186563,81,96,118
143,418805,46,7,93
144,490240,30,48,126
145,401661,99,34,91
146,188585,27,55,114
147,292662,52,61,138
148,278626,50,93,136
149,413702,57,19,100
150,358250,76,72,118
151,432058,43,50,103
152,167895,96,95,126
153,328491,89,8,182
154,341726,76,50,50
155,394781,99,64,179
156,149174,84,88,131
157,313263,63,22,144
158,126920,97,93,170
159,219810,23,21,69
160,342866,87,36,70
161,407164,59,28,152
162,439711,87,40,123
163,388753,59,61,137
164,260894,31,76,52
165,308280,92,75,142
166,363268,21,49,136
167,178158,93,62,80
168,160925,38,20,136
169,360743,22,28,108
170,280680,74,23,197
171,335266,41,66,179
172,285853,88,99,114
173,393917,21,75,73
174,182957,30,43,150
175,306956,94,54,82
176,320122,92,21,99
177,267426,66,34,93
178,489472,41,40,55
179,489563,87,62,50
180,235411,92,47,93
181,443542,24,17,65
182,364552,37,43,150
183,323493,25,99,193
184,363497,21,92,87
185,458893,38,39,72
186,249019,82,84,163
187,368125,70,74,198
188,330809,49,31,88
189,108763,36,54,103
190,108881,33,38,65
191,413901,24,62,52
192,343671,83,52,88
193,88632,65,45,189
194,352337,33,43,194
195,367324,32,60,162
196,232064,90,66,62
197,477324,59,46,64
198,292808,48,32,132
199,306766,98,62,185
200,363163,95,30,138
201,414194,86,64,153
202,100963,45,20,53
203,294050,75,34,151
204,157278,94,26,187
205,170472,33,52,126
206,333372,89,38,138
207,320557,100,28,107
208,366838,73,35,92
209,311988,85,44,91
210,329366,48,32,127
211,247489,34,52,158
212,491272,97,69,139
213,391772,83,93,77
214,249421,53,68,77
215,335986,76,88,170
216,94071,70,7,93
217,406852,70,9,179
218,102034,34,41,62
219,190300,85,68,195
220,368672,30,37,157
221,403401,92,84,159
222,280725,25,93,194
223,298527,73,90,182
224,288845,46,28,97
225,28542,99,97,57
226,150434,35,64,171
227,130032,30,7,107
228,356907,67,64,57
229,182464,87,39,123
230,365771,94,97,53
231,406534,74,68,112
232,367821,39,56,148
233,384622,44,83,63
234,341039,43,45,194
235,305634,35,62,166
236,327350,85,43,143
237,327958,61,21,115
238,148374,35,67,91
239,192923,70,35,157
240,410268,88,66,80
241,324378,33,74,154
242,451142,39,31,167
243,113132,61,75,71
244,257128,30,71,136
245,188459,42,52,184
246,443254,28,10,175
247,321000,89,55,90
248,57068,57,89,178
249,183060,40,14,86
250,178562,36,14,117
251,243424,34,88,65
252,383846,80,94,200
253,314760,63,33,101
254,275481,39,40,67
255,185876,68,67,70
256,371965,64,30,189
257,491979,71,33,173
258,188792,92,27,165
259,350437,23,94,190
260,403371,33,66,125
261,492091,52,58,183
262,202716,48,11,69
263,313692,82,19,77
264,349246,65,97,98
265,171403,65,39,74
266,492160,96,79,60
267,334327,79,85,71
268,315773,35,77,119
269,308612,66,22,198
270,254715,66,6,186
271,219191,93,13,96
272,186141,52,82,177
273,390148,60,97,54
274,373492,51,95,148
275,310682,95,66,187
276,187988,96,50,95
277,56628,43,15,108
278,184161,41,15,107
279,319378,35,68,57
280,345565,23,91,161
281,307246,39,59,116
282,411802,82,26,131
283,188836,33,54,169
284,356855,94,10,171
285,320977,97,32,193
286,315933,88,63,89
287,381274,50,26,71
288,410844,25,14,56
289,394767,51,98,195
290,396118,36,60,171
291,386639,91,56,149
292,404502,30,64,87
293,110993,99,46,155
294,352507,56,76,172
295,108349,32,49,181
296,334914,56,40,158
297,347418,44,88,68
298,225197,20,86,97
299,318070,85,40,191
300,91046,76,59,168
301,283776,83,48,62
302,294568,46,90,95
303,368995,58,45,180
304,61629,57,78,72
305,267455,69,76,130
306,312870,83,62,124
307,65764,52,5,65
308,409298,20,29,170
309,128436,23,9,177
310,159294,30,74,121
311,367943,71,39,136
312,450640,37,35,118
313,298814,71,17,62
314,384283,34,26,120
315,307023,32,33,132
316,368734,25,21,103
317,490020,65,69,86
318,379632,90,23,109
319,234180,96,77,162
320,375114,83,84,79
321,261664,20,37,106
322,290372,32,33,112
323,110750,56,99,156
324,349865,52,84,186
325,407210,74,68,127
326,243498,36,62,185
327,88285,20,41,143
328,220414,25,23,143
329,93458,62,42,88
330,298011,28,11,69
331,105341,37,88,188
332,398360,98,25,82
333,326210,66,55,115
334,368940,60,11,181
335,367296,66,85,179
336,230899,30,15,88
337,209523,59,22,111
338,298597,50,30,56
339,373170,54,53,179
340,384287,55,42,199
341,261169,96,71,99
342,234869,45,61,72
343,378599,62,69,195
344,389400,52,46,57
345,402169,23,44,113
346,398906,59,75,52
347,326086,51,21,146
348,387382,87,75,154
349,297844,94,84,155
350,345154,61,71,117
351,456336,72,66,166
352,463971,38,16,127
353,376610,43,20,176
354,367763,89,13,50
355,370806,43,94,192
356,101840,91,21,103
357,326062,62,68,82
358,313297,54,72,95
359,174896,49,83,129
360,326464,82,16,101
361,402236,39,74,163
362,373317,90,70,52
363,290939,61,43,183
364,285828,37,27,88
365,362340,94,84,194
366,286157,53,80,59
367,406721,44,18,101
368,310203,91,79,90
369,416702,92,54,56
370,149795,21,84,122
371,470055,25,89,73
372,450783,66,69,97
373,292618,97,46,84
374,341167,71,61,103
375,488503,27,47,162
376,492222,52,46,183
377,365406,34,100,156
378,417946,54,36,118
379,404462,69,85,86
380,481076,100,33,188
381,244310,77,64,75
382,415694,34,53,54
383,398044,93,72,86
384,168343,97,31,157
385,251286,26,60,181
386,291257,52,68,123
387,7191,63,85,168
388,299036,69,44,74
389,439705,47,55,193
390,151743,49,34,126
391,326094,43,49,79
392,261395,81,43,148
393,383813,91,17,104
394,394171,46,47,149
395,340828,85,32,155
396,189463,45,96,112
397,316388,96,40,92
398,367019,83,69,60
399,382032,44,81,125
400,372518,57,83,71
401,401605,63,27,102
402,412370,32,21,189
403,189135,39,98,104
404,402041,94,77,157
405,288856,48,18,138
406,367845,79,26,129
407,326882,95,93,135
408,104023,91,49,195
409,313193,22,43,112
410,224090,21,11,112
411,288253,57,25,115
412,291715,99,64,92
413,88489,62,96,177
414,87364,88,24,132
415,248095,95,97,136
416,294344,46,25,197
417,167565,48,95,130
418,353926,78,34,135
419,314015,89,30,136
420,417275,90,21,188
421,341766,65,50,190
422,206286,65,50,96
423,306189,50,26,133
424,319313,83,21,174
425,297129,31,61,117
426,415450,98,91,126
427,219406,66,61,154
428,185518,78,66,93
429,393449,51,68,182
430,227542,89,60,118
431,426295,39,49,178
432,413572,53,42,177
433,485113,89,53,178
434,188137,95,94,99
435,400098,72,29,137
436,385476,21,35,187
437,451465,66,13,101
438,274203,100,75,83
439,452675,40,31,169
440,342854,50,71,125
441,233368,93,69,180
442,417031,36,11,187
443,315131,98,52,57
444,168701,22,16,100
445,189821,72,85,158
446,412638,27,54,82
447,234925,56,68,122
448,151499,94,24,60
449,159986,98,90,61
450,362789,82,24,191
451,341536,43,45,119
452,389239,80,96,176
453,166529,92,76,114
454,319140,32,33,147
455,359254,48,71,63
456,297474,84,34,132
457,327393,71,78,128
458,353956,30,56,87
459,329019,100,98,81
460,359188,28,67,103
461,339345,22,32,78
462,349436,95,99,125
463,359992,75,88,75
464,366656,92,44,141
465,106278,25,39,54
466,371054,42,13,143
467,166379,50,17,112
468,326002,57,53,157
469,361147,94,97,67
470,102709,30,14,67
471,309761,45,44,139
472,179401,49,86,115
473,240061,48,52,175
474,230976,37,51,62
475,109083,76,43,187
476,227799,99,98,164
477,406892,81,12,108
478,180173,58,52,161
479,443352,98,85,138
480,416948,44,54,111
481,364571,57,96,190
482,116534,67,93,103
483,379466,93,35,75
484,394516,60,28,135
485,228357,91,35,72
486,219529,71,55,163
487,353312,84,51,70
488,92688,31,20,87
489,316902,63,83,64
490,399410,32,63,105
491,276701,44,81,187
492,128965,30,65,170
493,168010,88,74,181
494,368437,82,50,57
495,313412,21,55,107
496,232658,34,12,93
497,395600,28,72,126
498,350937,81,29,98
499,310179,73,27,72
