0,416007,55,46,156
1,336202,59,48,157
2,151094,27,89,130
3,87049,31,70,85
4,293050,56,79,112
5,168792,23,83,135
6,138972,64,79,54
7,354624,28,49,50
8,348770,29,20,94
9,444659,23,66,103
10,160165,37,72,119
11,397436,61,15,187
12,260951,22,51,98
13,280648,20,7,95
14,109527,84,24,141
15,183130,76,81,168
16,491106,36,38,186
17,245191,82,56,103
18,393411,96,76,67
19,356980,84,67,143
20,183261,99,37,130
21,56176,86,26,77
22,297585,24,77,110
23,316370,67,15,200
24,314166,40,25,78
25,185383,78,32,155
26,377597,87,35,197
27,280363,48,41,86
28,308914,93,37,130
29,93355,27,68,163
30,404835,44,83,184
31,400638,80,49,108
32,411764,51,29,118
33,5237,28,63,130
34,361779,32,24,125
35,435275,71,39,146
36,335030,91,88,188
37,491185,48,80,89
38,371368,94,20,78
39,489377,67,17,93
40,491195,85,14,179
41,1324,98,15,142
42,327869,65,32,192
43,383875,86,73,148
44,417281,21,55,103
45,489473,37,54,150
46,182973,66,20,109
47,347484,90,47,116
48,171252,84,51,161
49,99214,30,100,94
50,333970,96,37,189
51,191829,61,95,191
52,254750,20,86,128
53,3928,55,32,145
54,349261,62,27,100
55,318315,86,88,115
56,142519,100,64,103
57,429089,52,33,124
58,387332,27,50,198
59,371271,92,82,182
60,369051,50,78,116
61,1834,68,34,102
62,459707,73,85,195
63,404875,63,94,185
64,362404,84,44,122
65,396825,60,72,65
66,357948,62,44,184
67,311024,72,99,183
68,327722,48,20,176
69,33028,88,78,108
70,225704,85,57,56
71,373002,26,49,170
72,278746,63,22,134
73,379450,60,72,165
74,401617,53,38,120
75,110660,27,47,121
76,247384,36,21,164
77,415538,57,9,108
78,264122,56,26,114
79,94013,67,46,185
80,114567,79,98,161
81,112608,52,77,200
82,184392,44,48,69
83,250613,85,58,51
84,359268,36,31,67
85,346987,54,71,124
86,107301,76,67,188
87,108308,43,8,185
88,320032,45,100,92
89,300275,82,52,53
90,482431,46,20,56
91,313735,26,90,167
92,348721,35,42,186
93,166230,45,66,180
94,1125,67,10,125
95,490213,57,56,147
96,402303,68,95,173
97,356637,60,38,132
98,394832,35,25,183
99,327109,85,25,191
100,380944,85,99,95
101,307118,86,65,192
102,320075,28,51,94
103,352464,42,97,71
104,107323,52,59,166
105,281998,69,68,116
106,295377,82,92,173
107,276892,100,31,138
108,489688,60,10,77
109,313519,85,20,85
110,233081,45,34,99
111,346349,83,21,51
112,126634,29,71,148
113,116831,64,65,56
114,316174,56,25,151
115,389940,28,48,78
116,414907,73,76,51
117,203089,97,74,191
118,400775,94,52,77
119,372058,66,16,167
120,65916,42,79,137
121,296242,54,53,67
122,293837,57,35,107
123,287832,64,85,62
124,333050,83,97,118
125,320775,39,100,108
126,227230,60,37,160
127,284381,26,30,177
128,443186,32,26,119
129,351747,94,21,58
130,396795,79,86,197
131,355532,29,44,194
132,316197,86,38,120
133,321158,34,91,132
134,358643,94,75,70
135,260337,86,14,175
136,326674,24,60,158
137,429533,95,75,58
138,323542,66,21,122
139,135904,87,70,98
140,491874,39,48,164
141,127400,78,34,199
142,181516,49,95,164
143,381465,35,47,63
144,293398,97,48,88
145,269117,51,72,61
146,244733,90,83,118
147,352435,45,67,161
148,390674,43,10,121
149,334677,46,13,165
150,109330,34,40,51
151,404776,99,49,143
152,229592,29,62,126
153,395611,95,69,126
154,355879,29,11,194
155,234692,58,45,196
156,317392,22,74,54
157,188004,22,89,71
158,390454,46,17,183
159,445533,43,21,88
160,391858,30,39,191
161,367626,38,19,77
162,311747,82,91,178
163,157745,24,67,163
164,185729,53,10,51
165,312733,99,84,111
166,266642,74,91,78
167,224798,99,70,123
168,478487,74,31,63
169,406967,66,20,62
170,257041,95,35,186
171,399235,60,30,98
172,404889,89,15,144
173,130256,56,54,131
174,437241,96,66,187
175,314019,29,91,151
176,407692,87,27,101
177,275668,32,29,132
178,150544,85,67,125
179,109883,74,84,135
180,310291,29,84,168
181,489176,78,48,51
182,497378,81,11,87
183,460132,33,35,126
184,69535,99,65,157
185,330449,82,24,121
186,347644,49,44,176
187,491126,29,63,78
188,392117,31,93,78
189,411689,85,6,152
190,489436,99,98,143
191,409062,30,29,196
192,416798,91,28,150
193,380365,96,67,68
194,409622,59,25,135
195,282164,64,8,122
196,152901,67,26,129
197,321328,77,88,90
198,373808,75,8,100
199,406585,79,51,121
